drug	V1	V2	V3	V4	V5	V6	V7	V8
brompheniramine_maleate	-25.3205513518	-3.29104110961	6.97383495447	-7.50272556216	8.25437361304	4.6465062624	9.87246608595	-5.0141305822
amlodipine_besylate_olmesartan_medoxomil	-21.5078335184	10.894198023	-2.29555909391	-6.16590372946	-2.61691412613	-5.684707101	-5.53174208507	-0.071070528481
vilazodone_hydrochloride	-9.0373726213	4.43523772882	0.758883290135	12.8884802173	4.20924993713	-2.35378492322	-2.79269494051	3.81799861586
fludrocortisone_acetate	1.01248700028	0.250349693541	-4.96027002749	4.6660063793	3.23424215574	-2.97558080149	-0.951114595693	-1.32158137414
atropine_sulfate	8.29945669942	2.71004448245	-2.23472756206	-1.22536672436	-0.665072497855	-1.9048480096	-3.7463697703	-5.38002094851
bisoprolol_fumarate	-6.80977213912	2.4135319044	0.275076132814	1.36118998208	2.42510260396	-0.251314308135	-0.176706140853	0.21028372414
cefditoren_pivoxil	-16.7526370912	3.70230127058	1.56669596663	1.07889072061	1.485607279	-1.20709517068	2.35507275649	1.18024233914
hydrocod_bit_phenyleph_hcl_pyril_mal	-8.49313518479	-10.6276403753	-2.52365096057	4.94411417818	5.97110597394	5.68746883119	-3.9487225714	-1.27957512388
clocortolone_pivalate	-4.88383889779	21.3132100093	2.83787020349	-6.82328688833	-3.18338853222	-0.324415696402	-5.46461578843	-3.91461748621
gg_hydrocod_bit_phenyleph_hcl	-16.1421033375	1.25683021209	7.20411278162	-2.93825704697	2.32642082992	4.80258819984	-0.13641158472	1.980905825
aspirin_dipyridamole	-3.85597293785	-0.867912217429	-3.5373401594	-1.67583391135	-0.370081370765	-5.31633820623	-1.94237534758	-1.33350777825
follitropin_beta	16.5447865704	17.2829222501	-10.453085697	-0.526960581751	-3.65662332519	8.33323138117	-3.55780713798	-5.58102781899
cilostazol	-7.95278770033	-1.55882037174	-10.1251702693	0.212828406181	0.742552881318	-4.45392993792	0.55664054563	-4.49970036548
chloroxylenol_hc_pramoxine_hcl	-24.7230798711	-3.41365512923	8.88530575488	-0.553905434685	-6.80162283317	1.97208042653	1.29093531032	-2.40770146105
cpm_dm_hydrobrom_pse_hcl	-20.7544161134	-2.26012964743	9.51084241482	-1.39319129671	7.2116485518	2.36928504397	9.66143445652	-3.61728141576
carbetapentane_tannate_chlorpheniramine_tann	-5.14784843307	8.05255029077	-9.55465954721	1.43705931362	-4.113203536	0.719169304141	-1.78269414687	0.140500255398
trimethoprim	-1.28240363414	-2.73375383515	0.100682319611	3.8509890347	3.71823132553	-0.0268153416985	-2.1548623263	-5.82892965938
buprenorphine_hydrochloride_naloxone_hydroch	1.16761855208	5.43054116941	-3.48487199985	7.24673676446	3.7154636253	-11.3919365425	9.41529765335	-4.03555542471
itraconazole	2.18095323737	3.30110833699	-0.630656104175	5.47757512816	-3.25523816639	2.15921761047	-7.56066488812	-4.15446055266
salsalate	4.1662149779	-10.0146775461	2.67317054983	-3.08919274761	1.00691094865	-2.97928927124	3.98621369393	-3.9069402105
insulin_aspart_insulin_aspart_protamine	-10.4355767835	-0.406883006018	-6.30547199307	-12.1638086439	0.356878580153	-6.91637374544	-3.01524743354	-2.22302590038
metformin_hydrochloride_pioglitazone_hydroch	-14.9603746298	4.09666220806	-5.86767586159	-3.05621680782	-0.251886159887	-6.01322863901	-5.0272082309	1.50423178943
desmopressin_acetate	4.42011241228	3.88596844011	-1.3830017863	3.76013300845	1.31023800428	-2.56407793776	-7.13999184762	-2.11933539296
sotalol_hydrochloride	-2.33796485424	-3.14916914153	-2.78968020254	5.18584893448	-1.8120415881	-1.61209387566	-2.21466510646	-1.20700332265
multivitamin_and_minerals	-18.2350387163	11.2847737778	0.045375556341	-10.6827130531	-1.04342253936	-3.18608805153	0.110201341951	-2.84461764558
malathion	-5.45891924974	2.74247585204	-7.20082299962	5.38407259033	9.33850304855	-4.75373629123	1.9813774088	-0.8708868312
flurbiprofen	-6.13383344331	3.27708941372	5.29709956633	1.52569331191	-4.77555605141	0.988013973025	3.45259982177	-1.9130605281
cromolyn_sodium	9.39944635792	4.08550212916	1.2164077389	-9.32986868518	-3.50247436442	-4.16522873843	4.293698381	0.699201397914
desloratadine_pseudoephedrine_sulfate	-11.2651000487	10.1297356093	-10.706747643	8.39519163277	-6.39479721707	3.42100851517	2.01528031592	-9.25231364195
hydrochlorothiazide_spironolactone	-2.07805913307	-0.00192069876167	-5.35651524676	-1.80847050231	-1.56855499305	-2.96513151004	-5.21735151203	-3.55863209309
guanfacine_hydrochloride	-0.28484467872	4.02246259394	3.58642150628	2.99215534096	4.92497633424	-6.49746171674	-8.10294902694	-3.23819501739
almotriptan_malate	-2.16181657463	6.15455540096	1.07420051708	7.16383533745	4.34066433646	-2.10615168302	-2.44378142359	3.36182610712
nizatidine	-5.81312468871	3.78587775109	-7.16189792363	-0.383855636968	-0.203037456967	0.819665089806	0.677923297912	-4.63418900835
carbetapentane_tan_phenyleph_tan_pyril_tan	-7.77913285667	11.5722926182	-6.77260678342	6.76116393606	-7.667958831	-3.54884529939	0.554444622867	-1.97537281854
vancomycin_hydrochloride	12.2608083385	4.88957797007	-6.69739442909	5.6601440354	1.84048080994	-0.975601817536	-0.105976951171	-0.918892323659
gemifloxacin_mesylate	-18.7884660026	8.55123192072	-0.0362286499924	7.4023729216	1.40740364019	-3.83457738875	1.37304734521	-1.22201796512
follicle_stimulating_hormone_luteinizing_hor	19.5050995021	16.5805337205	-6.5570365431	-2.92870221816	-7.01396352288	7.13845260817	-1.4870524956	-3.5938943038
chloroquine_phosphate	16.1570997759	8.7811706856	6.67887121301	-1.42595172787	8.9433686	4.8849791865	-4.97711739655	-4.93155686351
chorionic_gonadotropin_alfa__recombinant	16.1633615758	17.2132216066	-10.722440574	-0.749561836286	-2.16147794552	5.99840727151	-3.36951192633	-8.07734512819
diphenhydramine_hydrochloride	3.10041283117	2.15348533039	-10.6324270572	-2.42141598751	-6.5516532178	-7.44141465657	6.5610862957	-8.75180685981
milnacipran_hydrochloride	-5.14755683255	-6.36275775329	-4.5485941973	12.5397814219	2.79505288354	-3.36674139704	-0.211183922853	1.04087921456
glycopyrrolate	-6.22565825857	1.76293114259	2.9555661974	2.82914704783	6.57005330736	1.05183814542	-1.17094338381	6.00688628368
bacitracin_zinc_polymyxin_b_sulfate	3.26270660921	-0.0948164340307	5.9725342371	-5.18247158155	0.674587715543	-4.34858851392	5.41734039235	1.60959051108
rivaroxaban	-1.77105184044	-2.97708634785	-0.537886291613	9.1650522126	-0.367213703096	-1.77528198109	-5.72034869368	1.90113595602
betamethasone_dipropionate_calcipotriene	0.0381920655171	15.4199816173	-4.85772589455	1.02334117322	4.46762481297	-0.803467103464	-0.5527135659	3.49875578462
gramicidin_neomycin_sulfate_polymyxin_b_sulf	-5.04113876907	-4.21756369981	-0.803965441461	0.0478313435997	-4.87259220887	-0.25533886102	2.14699915693	-1.88256578845
amylase_lipase_protease	6.40324892487	4.76644639076	0.750587673077	0.806276941035	-2.48128870999	-8.09842436973	0.362800483537	1.97148717686
amlodipine_besylate_atorvastatin_calcium	-9.86872624584	8.47625311483	-8.25767802697	-2.19702415238	0.0177351555218	-5.1182387453	-5.32845553668	-4.42838273357
captopril	-3.34243184956	-2.58477359103	-1.60923129886	-5.29127040104	-6.63009795383	-3.06515789287	1.04032908466	-2.60126576832
sumatriptan	15.0779692277	5.78367328432	5.16247635651	-1.24782289403	-0.317759808191	-5.39114892868	3.30377700927	-1.49142687423
nicotine	15.0537268761	-6.63703578111	-10.790024948	1.58810557657	6.45059482007	-1.08635854791	6.92311899822	-10.0778799545
metformin_hydrochloride_rosiglitazone_maleat	-11.0784258608	1.74823019001	-2.4916813308	-2.88900347816	-1.00684567362	-2.85591397658	-2.47354470383	-1.8675843806
retapamulin	-10.2393866685	11.5759631221	3.84032146022	6.24992643898	-2.4897273925	-2.01942885666	1.28443893507	-7.32607677226
bromfenac_sodium	-3.69246295102	10.0498105054	0.472125880702	1.21984910138	7.30344655783	-1.06334441188	2.36280505134	4.30263010059
mefenamic_acid	-6.59523966644	10.8226149743	-4.22901216078	3.54157454408	4.608210666	-1.29303545978	-2.7934294461	3.3686786362
apap_butalbital_caff_codeine_phos	-4.26871797576	4.10259274949	0.643190295603	3.27694900824	-6.45623455833	-10.2908031451	-0.994710135247	0.217397678219
lancet_device	-2.18139290167	-2.14364411256	-5.56605813313	-3.94966518873	2.3295253486	1.15670724904	1.5007214171	4.98862124327
fosinopril_sodium	-4.25108778364	-1.357834015	0.0269560490173	-4.41215271835	-3.75978681212	-0.742211664242	1.57826787896	-2.82120691929
amlodipine_besylate_valsartan	-21.0466870403	9.1663077614	-3.6093321664	-4.46619472328	-3.07572762361	-3.96647492414	-3.98035288499	0.288369373109
fenofibrate__micronized	-6.89514720672	-1.418322825	-6.07231860691	2.36747001941	3.59607606075	-4.96487067276	-4.7213016663	6.83657717396
formoterol_fumarate_mometasone_furoate	4.75000489609	5.47094532128	0.62676179474	3.19632607975	-6.23055834755	-5.52345199865	0.614584942165	1.7815360157
omeprazole_sodium_bicarbonate	-13.339704659	11.2023820891	-3.39446045434	5.62399390078	5.9741930274	-1.57712378252	0.791762080115	-0.650565042401
aspirin_butalbital_caffeine_codeine_phosphat	-5.56656461862	1.2801092128	1.51937027309	2.29202431546	-10.262438121	-5.37762031549	-2.52315739645	-0.0566185015906
frovatriptan_succinate	2.66791670658	9.14168998299	5.80526293931	7.40053035726	4.15319276932	-6.00852526706	-1.4641208845	-0.22346977166
flurandrenolide	4.44698329315	23.2345476729	-0.753910297198	-3.0291517318	-3.10027016727	-2.26238815443	0.64864572804	0.296146217647
diflorasone_diacetate	0.414566058982	16.8829051814	-3.08164480944	-2.60793018635	-0.929793468784	2.70757078896	-1.30797757802	-0.632085268323
neomycin_sulfate	5.00567981649	1.59393733426	-6.88812833479	0.2295325456	0.0305182819342	-2.71392921736	-3.7862991729	-0.0985698525519
prednisolone_acetate_sulfacetamide_sodium	-2.39892820301	10.5940469568	4.66307243579	-4.83679012457	0.246753873782	-0.041504886784	3.86812861256	-0.444149945663
benzocaine_trimethobenzamide_hydrochloride	8.15822561925	5.76493631341	-6.46825841746	3.09890776542	-10.3134035934	-3.76538202608	-3.91686705524	0.285451113353
diflunisal	0.218258939184	8.39781062365	-5.33562505694	-5.83224784988	1.70925253442	2.37126093797	1.12126766679	2.88312398804
multivitamin__minerals__and_iron	-21.5564980777	11.0067919642	3.61005148949	-10.2578383708	-0.303624730695	-4.93687771464	0.134978172654	0.0638465608591
zonisamide	-3.7482916292	1.2684401485	0.915697626135	4.68041919518	4.53609168945	-5.2037164246	-4.44287092904	-1.36749983922
pentosan_polysulfate_sodium	-2.06696812582	-0.150897434078	-3.10730949561	4.07167347834	-2.05675662986	-4.56076624288	2.14683463575	-0.17557811314
hydroquinone	1.96511778274	11.8173387796	9.6041127278	-11.9482243851	-0.529713108254	-5.38514213803	-3.96495721531	3.18512144595
besifloxacin_hydrochloride	-13.9231233801	11.303319201	0.896670345054	5.9239741255	5.22005153224	-1.75023740506	0.930971036592	3.57859601188
hydrocodone_bitartrate_potassium_guaiacolsul	-18.5728457104	-4.40177356285	12.1502008369	-3.37338034554	1.72380788448	6.05663041871	1.53526753097	-1.81440869564
bromfenac	1.42123672792	11.1444438922	-0.588086502594	-1.78630509887	7.24548222882	-2.53247598128	3.80711619484	5.54895530246
rifaximin	4.85036134836	15.9481991887	3.77905817436	3.00557585534	1.90687599571	-0.255172675002	-1.12613398552	0.887623396289
indapamide	-10.725537163	1.18056821085	0.961380677982	-3.84464295503	2.42523794342	-0.735485175949	-2.50460841977	-3.17080256419
estropipate	-6.35693719471	-8.42400790208	3.14212062638	8.59046395797	-5.78342425993	-2.80698767893	-3.28521833747	-0.951262175793
glucagon_hydrochloride	8.89924378527	1.22622685297	-2.75268339555	4.36974586269	4.30470742044	-1.62274756258	-0.469662382427	0.60188307592
griseofulvin__microcrystalline	-17.4766421404	2.23406252391	0.861966637694	-15.4230288351	-3.79141912784	-5.11633668743	-8.66439469907	-4.001436188
loperamide_hydrochloride	2.17672480501	-3.06074275122	-9.49061498958	-2.69237520533	3.6968344978	-2.08309671752	7.53907545628	-12.1087344326
naproxen_sodium_sumatriptan_succinate	-6.65932685287	7.22942789479	-4.17604283943	10.317792228	0.364408527958	-1.61788458359	-1.88993520118	1.11579843756
ziprasidone_hydrochloride	4.79811864268	2.68364393393	-0.516056127643	4.68170009249	1.50879512311	-9.21754458208	0.2188460808	-0.167419871059
doxazosin_mesylate	-2.12467505672	-1.25508036579	-1.78039378029	-3.73921736475	-0.333570690877	-4.07671502811	-5.10712908183	1.73988328257
candesartan_cilexetil	0.179785232597	8.64927099125	-4.60040789562	2.48212238486	-1.45694864708	-0.8926862926	1.73600156773	-2.4362213847
aprepitant	6.75184698294	9.95909571263	0.238558875446	-0.260618041271	-4.20438151322	1.75842691887	0.795617741699	1.20503249811
methadone_hydrochloride	8.78577164106	-3.4303407025	0.953131886587	6.79295698615	-0.756872440008	-16.1454167488	3.50789719746	-2.3348737089
theophylline	-3.77731238758	-1.99945588333	-7.11336205822	1.18589717077	-3.4370682755	-3.12519290657	4.91039868672	-0.410487985572
acetaminophen_butalbital	-28.5459103108	-1.2286860431	8.44753284458	-10.5089565064	9.55144695969	1.86528114836	4.67305287329	-5.57654895274
methyldopa	-13.9196019289	2.85438964732	-1.24379530458	-10.3655027155	0.0580146453089	-1.19108854591	-2.55480030223	-0.130412468905
azathioprine	5.75577739865	-0.520265110833	0.0242628594865	3.17610350344	-2.02740552643	-1.26835811533	-6.1538790503	-1.48464198742
adalimumab	4.48216486545	1.76398655505	0.233724049355	3.10037518027	-2.01353026997	-3.21885870107	-4.06895908618	1.41223115676
chorionic_gonadotropin	14.4238347241	13.2123128112	-5.48973757688	2.14279021862	-3.59990464222	6.99294153119	-2.49009522219	-3.91153647267
hydrochlorothiazide_telmisartan	-21.3820981221	4.58483802007	2.37862178613	-7.68479313945	-2.97011291725	-5.27452709671	-3.19338043231	0.917573134972
multivitamin_and_iron	-19.2853443005	15.5983129524	0.594067321895	-6.25166033062	1.24611342991	-5.91477623371	0.581148037522	-2.73860968763
rifampin	-9.53560157356	-0.0306197440634	8.78013903457	-2.10955910213	-7.38483869358	-5.43799163617	-1.24458266342	-0.325574465215
sulfasalazine	5.89866209953	-3.46044410057	-0.062754176285	5.80782094434	-6.23044569965	-4.9633552268	-3.0841657193	0.378399855674
ursodiol	10.9615878662	3.7947706947	-2.02497892356	-1.47191727001	-3.73121774986	-5.75734908939	3.87947774135	-1.38019388673
insulin_human_isophane__nph__insulin_human_r	-10.9721238508	-4.97437179535	-0.514941589874	-10.0130506362	-4.30767548347	-7.49666771672	-3.54240993518	-0.387967008571
conjugated_estrogens_synthetic_a	-8.12366058215	-0.106221809475	6.66620680444	4.32533680458	-3.47464995766	-3.1251395774	-1.90750346832	-2.35979395571
trimethobenzamide_hydrochloride	3.5440215147	6.48984986105	-12.3387664433	4.42144632619	-9.895677827	2.95394971898	-5.90560607735	-0.333402627064
sodium_chloride	11.7850924751	3.37201828138	-9.6584787513	5.38178216202	-1.26039388919	-0.350590201398	2.76740157545	0.391707268785
epinastine_hydrochloride	-7.93758716434	8.14895143969	0.391983822738	0.434093019378	-1.67364102301	1.55384880497	3.39401423465	4.68690107935
calcipotriene	15.0427485103	3.68768783893	-5.13464418662	0.947649920899	1.80380727508	-1.87034115428	2.87361853025	-2.59508814549
fenofibric_acid	-16.6581770263	3.86092578118	-5.65991424778	10.4688776101	-1.5932340924	-6.26793717732	2.78335815978	10.2736343991
clorazepate_dipotassium	-19.3616761139	-1.09775294231	3.7362935164	-2.2849830609	0.911846864123	-0.49758370091	-4.4921428823	-6.10283534718
clonidine	0.726626237967	1.57325606053	-2.87323074846	-0.828429811864	-1.33945840508	-10.1192859407	-2.17638581732	-2.04436743807
cpm_phenyleph_hcl	-20.095476702	-5.93781289048	2.39404456748	-9.66604678558	-7.86197329655	9.33881919079	0.231944942598	-11.7817286687
cyanocobalamin_folic_acid_pyridoxine	-8.39694569377	9.610519171	-2.48500865582	3.31480091841	1.74891752525	-3.53096765614	1.65114300588	3.73577740139
etanercept	4.03854984249	2.07726668268	-0.0238194049759	2.02382215675	-0.402949439592	-5.83890098004	-0.3546308751	2.93298070875
pirbuterol_acetate	10.0990669589	9.70283395253	-6.65932152702	5.0975794504	3.41082816386	2.05737683604	-0.771155045047	-4.83927749105
clindamycin_palmitate_hydrochloride	-6.21846629075	5.6051742979	-0.887284016568	-1.21215873415	-4.69963207162	-2.93149147396	-1.59026192644	-0.563227592776
tapentadol_hydrochloride	-7.14838162924	6.67120871956	-0.604857012147	1.97521055451	9.04664285636	-3.37448914535	-3.14524735646	5.31271960608
benazepril_hydrochloride_hydrochlorothiazide	-13.8434478531	-0.938175732918	5.59410228584	-9.62156699013	-1.24630989987	-4.50966368537	-3.56826514628	2.34822881299
liraglutide	-13.8098772458	1.10156430537	-6.4128468429	2.43446196735	0.826170004339	-8.05370468062	-2.89283858551	-0.0566081662109
loratadine	-0.717975021772	-2.46621040429	-10.8389864319	-0.0998280579581	6.43871461648	-1.67422804624	2.16521120692	-19.1786712598
nadolol	0.622379782143	2.6521087558	-3.93402083295	2.78511271205	5.62503963524	-1.07254077926	-1.83112688908	-3.08080659883
oxiconazole_nitrate	-6.34071005711	23.8500219549	-2.84855916957	0.507334696718	-2.0425713908	-3.89720539664	0.217816537866	-0.686028740099
calcitriol	5.30897999145	6.96097499293	-0.878873638534	-2.84743305267	-2.78828430067	-2.59863604359	-1.63571151558	-1.24369549616
imipramine_hydrochloride	1.3570186141	-5.41220999723	3.86876433597	4.14800442597	0.713700003333	-4.33183403556	-0.954527237924	-0.460657844265
difluprednate	-2.53133282241	7.70156266346	2.83996548745	2.07521720544	-1.75721304717	1.65725403409	-5.9271345336	5.41614161635
chlorthalidone	3.35982834447	-1.58144371031	0.902510656526	-12.169291763	3.50269663001	-3.20159763594	-4.67453873387	-3.52170656873
salmeterol_xinafoate	15.7037378665	0.921384710435	1.08188556889	-0.801835000958	-3.86762260659	-5.04295232407	2.44361705565	-1.05516921036
telmisartan	-15.5463786028	4.46853658757	2.99347940982	-2.36791532246	-2.7615150224	-7.58519630233	2.22951253136	1.49514031427
dexmethylphenidate_hydrochloride	-9.779888972	14.5344866024	3.195979495	4.67096920784	4.85901993262	-3.77264165804	-10.6711938343	-3.97501328895
fluvastatin_sodium	-0.75407200659	6.80610636978	-5.43432415444	2.78449950239	1.50907716964	-3.08939572645	-0.00952216252954	-1.56572379296
cpm_methscopolamine_nitrate_pse_hcl	-25.9534101072	-0.988725070512	10.4436776021	-4.03217013915	-1.31673018637	5.44346418494	-2.40584384916	-1.72815264707
tinidazole	-9.42085978531	23.9805896807	0.0526510098608	-6.77590381284	-3.36979550568	-6.69557919597	-2.61933513902	0.883223333619
phenytoin_sodium__extended	1.5761434259	-2.25787710702	-0.87096314615	0.958450265441	-5.59920728914	-3.89872477158	-0.100872162499	-2.24088219679
dorzolamide_hydrochloride_timolol_maleate	0.599727708622	8.09101264075	-0.513726604705	-8.24971121673	-2.51549041267	-2.81844581996	-2.72949344772	-4.49354942023
cefpodoxime_proxetil	2.92369269508	-1.70163519312	0.619617563997	-1.67560112723	-2.20578336752	2.90003296614	5.05243788034	-5.20765567555
ramelteon	-3.53234541068	8.11700841035	-0.755120295061	11.2876392309	0.483823420639	-6.64631581858	0.335455782318	-6.98478592076
methotrexate	9.61208504108	-4.08356752408	-5.06126260248	2.26661119623	-6.17225087042	-2.99011167872	-5.20011735728	1.11797118102
acetic_acid_hydrocortisone	8.30153904985	3.9578965844	-4.04080152644	-1.9695601076	-2.48188394809	-1.71635703238	0.635009956461	-1.007626792
mefloquine_hydrochloride	10.6063241643	17.6154967584	4.74167206825	-3.95392650657	-5.23955954545	2.74371346752	-1.3881990629	0.553429113554
selenium_sulfide	6.25462630053	6.35907444261	-1.51454010874	-10.0548371161	2.50715200122	-2.69063605753	2.89074257592	-5.21510434164
estrogen_progestin_folate_combination	-14.2209334379	9.61986702484	3.60847339188	8.79738225797	-1.84659178062	-1.17862976553	-2.04679422234	1.66725664528
felodipine	1.46494114471	-1.81788308771	3.97085646935	-13.8646709972	-3.94941611012	-6.76263854824	-1.19939639632	7.93477917658
darifenacin_hydrobromide	-7.97845118761	-0.303399893457	-5.76388620626	9.18841766945	-0.938260498298	-1.89793381007	-3.74990395414	-3.23648981023
metolazone	-6.64668269446	-5.52003097467	-9.29177907183	-1.16110381193	-2.45872011042	-4.06182062517	-6.15062468356	-2.78189571522
bumetanide	-8.48866859178	-1.63069127285	-6.17212266901	-0.483215702522	-1.66749357257	-2.07117028464	-1.20452912021	-5.4189633531
chlorzoxazone	-14.4543918846	-4.3756839484	-3.05288393209	4.55788228323	0.138239987412	-2.55783797979	-5.84327545788	-3.21959850801
salicylic_acid	-1.64076533221	21.0595698933	-0.253801500227	2.87822093729	0.788351037499	0.526431175695	-5.77793915818	-3.53301903481
bacitracin	1.74273891291	9.36485941678	0.531617928012	1.02886439242	0.937104657151	-2.9253766576	1.85213053499	2.44658451331
torsemide	-14.9597124318	-1.70043350186	-4.50523006479	-1.6502863744	1.77325044654	-1.20229993838	-1.43247385057	0.0994611962357
metformin_hydrochloride_sitagliptin_phosphat	-19.257661079	4.83238127769	-9.27718002499	-2.75829855572	-0.748903418722	-9.32075526284	-1.22943655702	4.85505523038
insulin_detemir	-8.90302405583	-3.79811302157	-10.4332235428	-3.11722839905	-0.407954001055	-8.73158688863	-0.545586659629	2.12459975851
leuprolide_acetate	8.21820058761	13.9091182312	-10.9644459436	-3.31449646622	4.77335556365	-0.271845465263	0.535395559071	-7.82717542171
naftifine_hydrochloride	-7.96717268725	26.0444585999	-0.0429463216439	-9.87464525006	4.22750616837	-4.66450566351	-3.28716034876	1.08066012863
methimazole	3.03502726222	5.46256712	-2.28443354797	-5.34029562767	1.23744602424	-3.43645486228	0.489559190071	2.46595864644
carbidopa_levodopa	4.00508618661	-8.02385899303	2.75310629332	5.57196794818	1.71694840678	-1.07971243973	-2.73749329882	0.416902075994
alclometasone_dipropionate	-1.84795683897	19.5349499753	-2.12354366239	-4.57010179429	1.23071541053	2.67595923317	-0.974752818121	-2.09749081942
acetazolamide	14.0400291969	14.6112595573	10.3141214316	-3.67582253882	-7.7895069355	-0.490764788556	-0.946926499769	-2.46407511136
prochlorperazine	25.261295412	6.02314463287	-2.17200575054	-0.517295352749	-12.5689967172	-3.84161678484	2.21769465172	2.21880649631
phenyleph_hcl_promethazine_hcl	-11.2970511337	0.666790160526	-6.14709354348	-1.26832967782	-4.31075432061	-1.15993845459	10.3069808655	2.31580145379
alendronate_sodium_cholecalciferol	-1.74945104401	15.3460810875	-1.53874322639	-0.841624248243	1.32536403124	0.643943295107	6.2451020584	3.30952095972
erythromycin_stearate	-5.5500005089	-3.77782776506	0.495196513013	-1.00825820103	-11.8126229561	-5.82463545323	5.12834917044	0.287950020827
dm_hydrobrom_gg_phenyleph_hcl	-24.0522074433	9.54522529426	11.5027368047	-2.53374682759	6.56366585383	1.36104820446	0.556980459828	5.37740937176
amiodarone_hydrochloride	0.328127481459	-4.61387781778	-5.43334753157	2.70524967463	-5.041906441	-2.42150330641	-5.4510055118	-1.89650592024
amantadine_hydrochloride	-9.07523698569	-6.02283526111	4.01681957964	1.0565804925	-5.96536371245	0.840544210908	3.63601618008	1.51007103155
insulin_human_regular	-3.74405014797	-5.61175618701	-2.38442605453	-5.72555204467	-6.16048858367	-9.02387720146	0.790800733435	0.84360163738
levonorgestrel	9.583078149	8.4468264512	4.56520511805	-10.0078452494	1.45218973334	-4.07390215762	10.7367300463	-1.30147288097
atenolol_chlorthalidone	-9.56342360648	-0.442141685798	-7.2935378132	-10.7243378847	1.14940396978	1.22836611352	-7.17406752217	-5.31049595174
diclofenac_epolamine	-0.506650095344	12.7038049668	-5.36457076581	9.32234663836	1.7755071312	-8.44759232705	4.8063097662	-1.37252025977
ketoprofen	-3.25282896442	-6.56194990182	5.02226041827	4.51934376117	-4.39799456358	-2.52176574013	2.31840908843	-4.13086702839
ethinyl_estradiol_norethindrone;ferrous_fuma	-18.617251888	21.0179970476	-3.48902810728	0.440501753058	1.36151868816	-1.93440164854	-0.409358535268	3.62853453201
ciclesonide	-12.6145978613	10.1753764233	6.67791635564	9.62866817791	-11.3831758291	-2.95861764545	-2.3683896944	0.898091147811
codeine_phos_gg_pse_hcl	-9.23917056175	-1.14317563612	-4.91293431411	-0.540287855015	-7.27581575807	-0.323397519392	-4.07710278076	0.887322840628
oxcarbazepine	2.91907400862	3.71836874018	-1.27265376545	6.47675648527	-0.168182954074	-6.69164249125	-0.00667725401917	2.92806718781
lithium_carbonate	14.1134298874	4.329950587	3.4270074703	4.26321661176	1.47065987425	-8.35947259628	1.82368571832	1.67904460153
glyburide_metformin_hydrochloride	-15.6327327625	1.9949413311	-6.97081838355	-10.5533236074	-5.73194456284	-3.71705397007	-5.14724752883	-2.55248242711
travoprost	-3.39284401528	4.58316599536	-1.7147975173	-9.55409698405	-4.94659210441	-2.21002740499	-6.25013659059	-1.28267627896
ethinyl_estradiol_ethynodiol_diacetate	9.860989816	3.01691265159	4.76748125419	0.542417560747	-1.52691897028	-2.35254747274	-0.527640983752	-2.00172337458
hydralazine_hydrochloride	-12.7482364156	0.815670356964	-5.64442641513	-14.381902763	-2.08853719845	-7.11126396326	-8.43280279205	-0.0615233573757
mebendazole	-3.81810924323	-1.3548723201	3.59322391064	4.09940803042	1.7609697343	-0.314016882654	1.75312902182	-0.387013434946
cimetidine	2.38034852475	-5.73965772977	-1.93642236069	5.56086490525	-1.73912586335	-0.837400938952	1.03621838495	-4.12072134489
cyproheptadine_hydrochloride	-15.3573225095	-1.54203646801	-1.71593480411	-5.39941360745	-1.42980596785	-2.77040142234	-0.361277894318	-7.30768723129
hydrochlorothiazide_irbesartan	-13.3287150334	8.7129622165	-5.49427052597	-3.03485533529	-1.10443535486	-1.4359468918	-2.91635925387	3.03426412775
loteprednol_etabonate_tobramycin	-5.99507684416	20.1205093968	1.6503320699	0.886177929459	2.35850304031	-0.229487605521	-3.14816741959	3.47482810429
lubiprostone	-14.1821683243	2.29273064677	-8.1777106103	7.6164316933	7.03002137145	-4.04644197349	1.97485013293	-4.13587592665
diclofenac_sodium_misoprostol	-11.0605783056	8.59774353192	-11.0392901523	5.8643083064	-4.02597669028	-4.88337632198	0.403936439848	-3.0837062678
vitamin_b_complex__iron__and_vitamin_c	-21.0263316161	11.9906601798	-1.48791956626	-4.58273972966	2.8993263927	-2.44761369648	0.452867056329	-7.14173610701
letrozole	4.44892577094	6.03440882326	7.14298691859	-0.575260388277	1.19434176614	0.64964228034	-7.15255411611	-2.34208851528
exenatide	-8.37024751	-1.33840401582	-7.74171168853	2.3150734371	2.84387659543	-10.1721124279	-4.52549822334	-2.52110845385
sulindac	3.19627665659	-4.73978079493	0.06039341948	-7.01093414411	3.51311042432	-0.88179552858	-0.419122781333	3.06725304528
methylergonovine_maleate	4.30468039902	15.207435172	-0.77028365929	-8.07341659423	-4.32386135011	-4.11039332159	-5.91421426052	-2.87426001717
modafinil	1.25756936188	4.51432798848	1.70109144719	11.7744105177	1.848887738	-4.4428014345	-3.62601675984	-4.97150909118
memantine_hydrochloride	-0.729626887406	0.838675812494	0.877701087403	3.46056137915	-3.96554865349	-2.30377373661	-2.53599902564	-1.88619567714
carbamazepine	4.99656636632	-4.28649164286	-3.52476784991	3.88288205612	-2.32949458439	-4.44446569927	-0.249844277512	1.92942666518
quinine_sulfate	-4.36397064908	-2.81474982177	-1.33824765825	0.777476700994	-3.05874951977	-6.40379502632	2.22206242932	-3.06335212487
erythromycin_ethylsuccinate	-5.55015119726	-6.69897479848	-2.16474941853	4.85576882932	-5.80962207041	-1.42722082409	0.0174971140928	-0.785962468892
benzoyl_peroxide_erythromycin	11.5914421263	0.863107231357	-3.82967485051	-4.71033818364	-2.09630564486	-2.62397288842	6.06972586995	1.87180566303
insulin_human_isophane__nph_	8.63819360287	-0.88518149248	1.77203543099	-8.60320211762	-8.14315260345	-5.27842192588	0.264615887917	2.51077563781
colchicine	-4.66206037131	-0.00225529907362	-1.28477038749	-13.3015491531	4.04074051449	-2.9888397458	-0.174380119248	-1.57127697032
cough_cold_combination	-27.2203115397	-3.48175484703	8.57741446995	3.21205637837	4.6907407833	3.0150818132	3.62366860173	-1.79341567762
isotretinoin	3.67383187237	9.11926073276	11.91056621	3.24475431269	-0.925102843575	-2.75481909179	-3.88754373487	2.5407024627
bimatoprost	-3.99995934509	8.81014811058	0.740335625509	-4.97212043711	-3.92804146265	-3.65683064189	-3.70608590582	3.20505363205
cpm_pse_hcl	-20.1688798707	-4.2510471218	1.68006099088	-5.40725752462	-1.66609493661	2.77827873735	3.06829292505	-2.3541072956
cpm_hydrocod_bit_pse_hcl	-29.9801077276	-3.87676121716	11.5311891842	2.27276500481	-3.61094185692	5.8524212032	0.213006256944	-8.1830154446
olanzapine	8.26786578834	2.988874544	0.522142198684	6.06162973321	-0.399155692514	-6.90550891586	-0.408172351431	-0.830134733958
pramipexole_dihydrochloride	1.39623085526	-9.57979522919	0.133952698659	11.8001749118	5.27962299805	-3.25645566006	-4.25892343762	0.335582670408
colesevelam_hydrochloride	-15.1762639631	6.8718657682	-7.56145141779	6.0559407673	8.71081629129	-4.52876667082	-0.222696645602	5.62871369911
zolmitriptan	4.78088521494	3.23055337507	3.13122180946	5.28937156503	-0.448441264385	-3.29671976106	-1.25246531444	-0.172592997834
anastrozole	10.9517164499	5.32627446295	-0.538363997352	0.863841891715	-2.10652402749	0.523180926931	-4.95811654782	0.495287159225
tamsulosin_hydrochloride	7.75722137184	-4.41305712416	-0.295001170428	7.09749297499	3.73673677767	-3.10364437186	-1.12041368246	-3.22168479844
halobetasol_propionate	-1.07839451941	11.1504135575	-7.80381023612	4.1400605799	4.07601092036	1.73328441635	1.87738597353	-1.96509987125
nepafenac	0.670831481419	4.18081254754	-1.86987194657	6.4472186747	-7.70916160689	0.728561299634	-6.12060954698	0.863984724395
flunisolide	11.3103063768	-8.08111863738	7.68997790425	-4.22914143037	-13.046441201	-9.33665571362	10.6100679079	1.60820332526
calcitonin__salmon_	1.5172046341	0.60456714937	-0.969670589238	7.63413984229	-2.30373979136	-2.15092118939	1.96999523013	-0.50337865226
atomoxetine_hydrochloride	1.34713698882	3.23383649129	-0.552445263526	8.07200106907	6.37442976237	-4.05205955887	-4.55049005279	-5.82029972045
zaleplon	8.08605637884	13.1398979908	9.53022486612	6.03675208942	3.24933558996	-6.71944516783	-3.8930307892	-7.32247859908
brimonidine_tartrate	1.5736165829	8.0687386287	-1.37681139237	-7.77734008165	-2.09789292982	-1.4809112151	-2.34737757639	-0.274594222461
guaifenesin	-3.96151929474	-4.31146127634	-1.93171669111	-0.921604713021	0.0473805120309	3.23917392269	5.39532503509	-6.01597897692
levetiracetam	4.59708712023	0.845749654321	-2.71923804567	2.60376952426	1.17673931852	-5.76370804635	-1.79110462174	1.86171072292
penciclovir	6.32222437765	6.55653172556	-9.48371047066	7.98540719658	4.3901507754	3.72412487077	2.20058408575	-1.90785723995
aspirin_butalbital_caffeine	-3.019128587	5.58917680928	4.00284830948	0.572849681669	-4.08600487005	-7.53749709119	-0.741924144682	0.771147298899
megestrol_acetate	-5.65280489265	2.91203785536	-8.12975856628	-6.83808623725	1.51823215366	-7.14413948298	0.585877882289	-4.39499048263
bisoprolol_fumarate_hydrochlorothiazide	-18.5444690087	-0.917436369471	-0.60319792526	-2.8426751415	5.03913870319	-2.23373738878	-7.32023667334	0.379024861246
tegaserod_maleate	-5.63782681586	1.51039545269	-10.9100510393	10.8605523831	6.12863901568	-3.18566017072	1.34619469559	-9.29429383684
oxaprozin	-8.22657472197	-0.339721626936	-11.4758828499	4.06699979986	9.68675140366	1.29116127051	-4.81795529252	2.33110326139
chlordiazepoxide_hydrochloride_clidinium_bro	-21.8736383362	0.763113539543	2.47693541159	1.12731244596	-5.30688827592	3.31288835444	1.79042954097	-3.64565679766
quinapril_hydrochloride	-2.15030302297	6.26242637446	-7.74755327925	-2.21805027223	-1.16258119025	0.879786676523	-0.815342138107	4.0793042532
multivitamin_and_fluoride	9.92107411945	12.3545087351	-8.96536843698	-3.0678382896	-6.80655220862	5.27064525016	13.0912106621	-5.25716154086
clindamycin_phosphate_tretinoin	-10.3654495243	25.9771817364	-0.607630804104	3.23095791733	-1.76799776962	-1.65356869722	-5.28638306971	5.90812772186
clomiphene_citrate	16.1231956206	12.6901758191	-7.17894925759	-0.553289977897	-0.223717558835	3.33942275971	-3.25472385263	-4.99244073033
cefixime	-21.7536749972	9.5232934945	9.09064783855	1.88718339175	-8.12745826961	-2.59372668395	-2.96200095035	1.40137038773
norethindrone_acetate	4.93103596081	8.01563945169	-0.399265644305	-3.57616851582	5.30331635527	-2.87665936096	6.72613640511	0.196067969889
chlorpheniramine_tannate_phenylephrine_tanna	-11.9749775487	1.21516802781	-5.6724591106	0.865214306517	-3.11353923264	2.40694269822	1.62114947373	1.23896711029
timolol_maleate	-0.384248504695	4.58936717918	-1.76011434473	-7.6645416582	-1.64384929773	-0.263298488606	-5.33466024275	-2.16308343738
dapsone	1.85954814214	19.4936188086	4.228231223	4.80525057558	-1.70242987805	-0.880077407417	-7.74999674658	0.54502639911
amoxicillin;clarithromycin;lansoprazole	-19.5883984782	5.47343753457	0.0787553280005	-11.4907922102	-10.7231436279	-2.58406611119	5.88811450494	-0.639422149248
ethinyl_estradiol_ferrous_fum_norethindrone_	-17.0039419593	25.0046283339	-2.24088309597	4.65361845755	-1.56341270296	-1.64365497221	-1.45566835358	3.30337065011
nebivolol_hydrochloride	-21.6089665559	4.66939135349	-3.19502461719	7.70537989125	-3.47460820601	-2.24174257842	-2.47734828765	3.34895376281
cream__multi_ingredient	0.0522503726719	17.2076517918	8.35494625107	5.77974730701	-1.31634130663	-5.24537599816	-2.40274211209	2.58977247596
rosiglitazone_maleate	-7.36878862963	-1.64513744852	-5.11330730603	-4.35428305046	-3.12186315575	-6.40790550609	-3.32780271155	-0.718548539163
labetalol_hydrochloride	-0.104690002306	4.15423114922	-3.01761950936	-8.76443188291	-0.385443029418	-3.80197846298	-4.41487020846	2.27339813878
liothyronine_sodium	11.0010454669	6.66277230474	14.888776061	9.90938659987	-7.78740320991	-7.91460440551	-0.278945949393	1.0348781495
bpm_pse_hcl	-29.7675604709	-2.51954566706	7.66084395771	-8.76463874414	8.48095613053	5.203347928	8.11125115421	-4.93483295525
needle	1.32321957146	0.138976735564	-18.4404883734	2.8909380771	2.12830570027	-10.2753993181	-5.96172686066	-1.61667285479
butoconazole_nitrate	-17.0596956176	14.1850047357	-4.72116193537	-5.57744120505	-0.827004023437	-1.65058521478	0.966095645581	-1.80690852367
niacin	0.881214139623	0.0612681725576	-1.15891757731	3.9656060544	-0.524403210755	-6.80776205644	-1.26957764021	8.4243663662
atovaquone_proguanil_hydrochloride	20.7165644382	21.9357576107	12.5158988023	-4.51855322831	-2.99244357733	4.10631270833	-0.118797999277	-5.80328843952
tamoxifen_citrate	11.2232381946	8.20939175906	-1.44244119592	-1.28013792697	-0.54507536575	2.4450537408	-6.99256186886	0.118178073364
cholestyramine	6.50158872859	-8.56321866743	-4.42619876459	5.84074690437	0.418602276622	-1.18814948696	-0.79384975611	6.21513495489
glucose_meter	1.68828263352	-3.20778563294	0.626307451228	-13.9973810162	9.18259130419	-4.12650103843	4.77859270813	14.8489022345
meperidine_hydrochloride	-21.8182715448	-3.08388756462	17.874405961	-5.9060323647	6.33771477456	-2.06472157393	-2.44571628947	-5.69008366267
progesterone__micronized	10.4423622027	6.06203439801	19.6384548209	11.0441851988	-9.55493524888	-4.28988592494	-1.56476548805	-5.87827233216
tacrolimus	8.30900802261	16.3186492834	4.76330129876	-2.21645275256	-1.3728584953	-1.16576587373	-6.86516296132	-1.93458557304
doxepin_hydrochloride	-1.82818511601	-2.16588205555	4.75643885858	6.98835030533	1.4690036732	-8.87912482098	-2.3656799597	-2.28920077348
ammonium_lactate	5.35064437044	15.9249889026	-16.6305161139	0.245966801548	11.0877167633	-3.46616801311	3.61442132882	-15.5035998307
meperidine_hcl_promethazine_hcl	-28.5247407566	-1.92577147958	18.8091192946	-10.2208196277	8.61207145283	3.53985963866	-0.157910995209	-7.32097666591
gemfibrozil	1.46062648136	-16.3531728844	-1.31215112451	1.94263039481	-7.42027957279	-3.61889539655	2.4275050312	2.31882529441
dexlansoprazole	-18.3120467727	10.3235336923	3.11210285209	1.79823486654	-2.29618821017	-4.2640295663	0.538505856457	10.0785749361
diclofenac_potassium	-18.5211578376	0.703679277669	-1.15054452121	1.31852029515	3.07937961737	1.04917015769	-6.70916232388	-0.850783258485
orphenadrine_citrate	-1.65456813162	-5.53676590101	-12.2691488289	11.4194383181	0.173264617769	-0.0967269942853	-9.69784992311	-0.458886248779
hydrocortisone_butyrate	-3.7748004917	24.8667774005	5.07133968254	-5.14262710637	-2.4788967015	-3.21525660295	-1.5772868774	2.08616554764
estradiol_norethindrone_acetate	-10.7778157073	8.51007375002	18.5176759339	5.94539064708	3.06949023405	-5.86373666659	-1.05164966851	-1.04319212047
ethinyl_estradiol;ethinyl_estradiol_levonorg	1.87363228548	7.26363974828	-3.52345704927	11.4343439561	5.00999390092	-7.66654242013	2.81873672694	2.16547885962
atropine_sulf_hyoscyamine_sulf_pb_scop_hydro	-11.661475354	3.79624256082	1.70665906007	-7.39505027433	-9.41540804425	-4.3501798184	9.08991614968	1.69827212799
omega-3-acid_ethyl_esters	-10.0706142671	10.9757816431	-11.3164903569	9.85342783791	-1.61326699606	-7.64309525709	5.24041870779	-3.79297476426
irbesartan	-3.46774963203	8.40798097411	-7.91202093841	-1.12770247897	0.347194860958	-1.97660713314	0.507824109532	6.6776576392
eletriptan_hydrobromide	1.12716325192	6.90077849298	2.33464100191	6.35134513456	3.50241777593	-2.06096278489	-5.15163659812	1.61056999967
cefaclor	-9.62730935899	-11.2322211623	-2.1162888945	5.7526800095	-3.68155517859	8.55759728166	3.9738061988	0.468626167843
ciprofloxacin_hydrochloride_hydrocortisone	8.10179549621	8.79056182823	-7.55310997516	1.54482395831	-0.716761796537	-2.51589709953	-0.927979194418	-3.10645409099
belladonna_alkaloids_and_analgesics	-30.8550802868	1.39574367045	12.6617513964	-4.78533505272	1.13583653849	9.18109699973	1.18278077411	-10.2874165207
cpm_methscopolamine_nitrate_phenyleph_hcl	-26.8470263325	-0.86338589965	11.9102070371	2.67983518667	-2.75431699337	0.790899511623	-5.86231220278	0.412649028557
tazarotene	8.99481500311	20.699572354	0.121298213728	0.113851435497	3.47288021297	-3.11236794112	-2.78627328673	-3.58810989475
ropinirole_hydrochloride	-3.19595333651	-16.562061883	-6.67895203653	13.1777611399	7.09048298796	-5.32790022722	-0.116107645506	0.085571538342
dm_hydrobrom_gg_pse_hcl	-28.5549127376	1.38481591101	9.82007096259	-7.64400060713	3.90829410586	1.25256967074	-6.74271959556	-2.08406382167
mesalamine	9.3445831761	7.90855204749	-7.5254207004	5.26987064749	1.31672406179	-0.654552863962	-2.36264384642	2.18003020047
triazolam	1.37543105553	-0.356865505909	18.0506780025	9.79266582924	-4.87765255967	-14.5959191814	-0.523262915775	-1.82414856278
dicloxacillin_sodium	22.7428623654	5.9676305755	7.37891005951	-4.62631256408	-2.28857575687	-0.661213487527	-3.82127776696	1.23113066046
adapalene_benzoyl_peroxide	-3.10999297071	23.3726320163	1.5263614849	0.819381073759	-0.753499055576	-0.128385931584	-2.94674184783	1.33598830158
insulin_lispro__recombinant	3.41562785713	-4.53589979943	-7.1968428699	-4.23008380236	-0.123635573491	-7.43754275554	-6.49109556652	7.82986515683
insulin_aspart__recombinant	1.91148782939	-5.7673672814	-10.1659357542	-4.33178615219	1.81525425462	-5.48409813579	-6.00540047199	2.16269456406
fluorometholone	3.66911046205	3.62126971547	5.88124333373	-2.33241175635	-0.638529208777	4.04771058811	1.73674570025	0.0621396011127
aluminum_chloride	19.2442717773	10.2651829316	-3.04253848151	-0.420237539239	4.82528022223	2.98582678355	-7.400629455	0.361116879082
allopurinol	-5.04317628711	-7.98115853234	-5.04986901988	-2.93578331175	-4.04493775469	-5.15132092602	-2.61273209041	-2.09292617172
fluorouracil	5.89594744941	10.7514007489	9.14367066504	6.29814395467	2.08257848099	-3.52589186041	4.63792097254	-4.99492606824
lidocaine_prilocaine	12.4826910884	19.3844815131	-3.05124465173	0.840483510136	-0.0544423108074	-0.290979167596	2.55459320325	-3.8263021369
ciprofloxacin_ciprofloxacin_hydrochloride	-9.38456660671	20.4278528157	-2.69599405195	7.31828046055	-2.64283218899	-4.37236055977	2.32185025712	2.84506423258
desvenlafaxine_succinate	-19.4673856305	0.407243320087	5.39021777335	17.6516579393	1.05330261253	-3.29499224302	-2.44765484279	-0.61304799126
sitagliptin_phosphate	-6.06037673348	-0.922672288346	-17.4778860168	-1.64641606908	1.49358062256	-11.3896309371	-0.25473102934	4.31846872811
risperidone	9.07384075069	-0.804991463198	-4.22451598554	3.79368125502	0.632757371154	-8.54631165159	-0.375287197401	1.78064927468
esterified_estrogens_methyltestosterone	-18.9867503904	-7.28867543542	13.8710409675	4.49199616813	-2.83847537835	-5.62200390907	-1.4202197172	-2.83443906673
piroxicam	8.03570048408	-7.00626562578	5.4868806904	-7.1434947745	2.75978688886	0.122924209924	-3.7723360263	5.38455408903
donepezil_hydrochloride	-3.75794941755	2.01958506848	0.152481690074	0.168208726988	-0.906649167725	-4.36731658253	-0.684277588652	-4.26267054401
urea	0.734989548393	21.9497594586	1.42936287491	-2.43045968071	4.10135984889	-1.22475238335	-0.7603522111	-2.23578547912
benazepril_hydrochloride	-13.581621389	-3.23571992097	6.55127914389	-9.12005823865	-2.39624066285	-5.68053140585	0.45333390907	4.37020845069
misoprostol	16.2780916566	10.9773827089	7.50711917955	-0.506136174705	2.49934092946	-3.05173163696	-5.28099734821	-5.15219194644
cyanocobalamin	-16.3068883438	-2.50971963812	3.68944823322	4.6180625506	5.16879867243	-6.77889711507	13.8345756276	0.337771514684
codeine_phos_phenyleph_hcl_promethazine_hcl	-5.01796761409	-5.73664729439	-3.84569984617	2.99135797122	-10.0197972063	-1.35456816589	4.35294307306	4.35309628036
solifenacin_succinate	-7.24349131502	0.317205226174	-7.43727024577	11.9861431601	3.38049591603	-1.58648112846	-4.78359407791	-1.25127002989
spacer__inhalation	22.01275913	-0.0672364862155	9.39614541174	-11.7895609129	-2.29684927977	-5.40030129572	7.65429089064	6.78907804692
hydrochlorothiazide_olmesartan_medoxomil	-23.4731385414	7.81044528152	0.0513621431625	-4.91090641355	-2.31744108622	-2.62971146972	-7.87654882563	3.06380184117
lactulose	-5.27421558717	1.27438550555	-4.08358938791	-7.17473083216	-7.64179516495	-10.5528189658	8.55810301244	-1.12522278434
isosorbide_mononitrate	-4.82873132382	-10.676222385	-14.9567823394	1.28224738286	-0.940931388502	-6.48675909462	-0.0593599719633	-1.40180032217
varicella_virus_vaccine	8.81159259628	-5.51057049707	7.32736643511	-1.89167867522	7.09771537964	1.86211884657	16.7949133321	-12.2644354615
divalproex_sodium	4.76889026919	-3.95650059664	-4.24806803946	5.29896242089	2.2915016882	-8.41300739571	1.47753918566	0.908899599568
lisdexamfetamine_dimesylate	-15.6941229916	14.4936579736	9.38512544517	5.80257714356	8.69890927592	-3.72047410253	-14.7617360687	-2.50772411094
phentermine_hydrochloride	-8.91381716111	-6.38013000933	-4.24353912595	5.43983097093	3.97452545236	-3.97217771252	-8.21921286496	-5.00367650554
glyburide	2.10957115164	-8.07835555325	-6.19581844431	-2.46237460186	-9.73887427761	-5.18141393967	0.28645031921	0.0492767406388
magnesium_sulfate_potassium_sulfate_sodium_s	-6.01208193147	11.9740232178	0.76110864096	5.03093753783	-2.66435884574	1.64264931115	0.21765735193	3.06829284743
methotrexate_sodium	8.60473760014	-0.928627861797	-1.32938516192	3.00576540819	-2.13960851232	-3.70048230669	-2.03706196744	-1.0451047083
betamethasone_valerate	1.27881853945	6.39596316227	-10.0880532459	0.0124823143788	2.68964869844	1.9703009436	0.404301845553	-8.93003304745
baclofen	1.7237585769	-10.4068378065	3.28618741995	1.95823155236	-2.4612086752	-12.7843314229	12.4309284599	0.510161741104
ampicillin	-10.8821638172	5.69132543213	-8.95125969411	0.626251725633	-9.36744594633	-2.77051434816	-0.120057239463	0.647894564498
fluticasone_furoate	-7.26800852344	17.0012772561	-2.00999487577	10.8717415143	-3.33240128441	0.535904849827	4.1723167776	-0.037347636851
famciclovir	1.18779259558	0.640507708158	-3.48002959767	9.75663023508	1.31874129915	1.72622019689	6.48478355608	-1.77066413014
morphine_sulfate	15.6618783141	-6.23887428326	1.8436880541	6.38639230611	-2.41666672008	-14.5023456353	5.19056470655	-5.8283178761
betamethasone_dipropionate	13.434519296	-1.14163453973	-4.78992793465	-0.518259322758	-1.86714092051	2.31066075591	-0.956208762066	-5.88971784639
na_phos__dibasic_na_phos__monobasic	-8.73344894457	6.65626620038	0.43134130615	7.03404857158	1.20450579263	0.498096616569	4.10727552949	3.66404298297
fentanyl	10.2435608506	-5.92417437563	-5.10060281294	8.48227669344	-4.73599797645	-11.0367872024	0.0959858081754	-2.54054220328
dextromethorphan_hydrobromide_guaifenesin	-27.1831619194	1.91389845734	2.92805773537	-4.2527476755	8.54420271345	-0.556044509787	-2.07108643165	-2.15408514714
olmesartan_medoxomil	-16.2410999777	10.1492635647	0.0162919838655	1.30464254571	-3.7541961543	-4.67889147221	-3.77382291593	5.39563430678
levalbuterol_tartrate	2.4285790352	10.8375205979	5.26298565993	8.48354957248	-14.1710699209	-9.11700205392	5.8660597508	7.46735760982
cetirizine_hcl_pse_hcl	-18.5159255717	-0.0879743793081	-4.96568089093	1.16346169859	-4.32557357063	6.01395254243	-3.31969201702	-16.2682751599
latanoprost	0.412009724769	4.52747790581	-3.03770957952	-12.299205651	-2.9191255573	-2.64107800061	-6.59152517797	-3.48319438422
telithromycin	-16.7078660643	1.38363570827	-1.52793668428	13.9291382417	1.21454810564	2.83962079149	-1.30790302034	0.925628609684
tiotropium_bromide	6.31202549558	-5.41239117113	-14.908752541	8.09547088038	3.37348025612	-10.2896108802	5.51940832542	1.41624643978
econazole_nitrate	13.571921387	15.2058182435	-2.49672889066	-8.05169391232	-8.47204449385	1.75285898635	0.977450559665	2.77533345635
thyroid	4.13616806977	3.79313991935	17.0486072249	17.3697072878	-12.0386267015	-9.38174037689	0.429967203082	-1.87454312877
clotrimazole	14.7024259401	2.28682930344	-12.8338434409	1.00299184078	0.87317103109	-4.95403166823	6.69180355748	-8.0953596445
beclomethasone_dipropionate	18.419102195	0.701929193188	8.33922323595	-7.48692887434	-7.41707493262	-11.4273732506	5.88462210747	0.332225384988
budesonide_formoterol_fumarate	3.42654859595	4.10703097177	-8.97543928001	8.00296473731	0.0986086748711	-5.14583383148	0.0675870779585	6.10561014029
benzoyl_peroxide	7.75435658561	18.9614105182	-2.82122216805	-2.74184508636	2.77693722988	-1.08465375528	-1.36494245284	-8.67482218052
aripiprazole	9.16529101139	3.32050592963	-3.91076643649	11.109344362	3.18178827678	-8.29391485976	-1.17902888926	2.48160104145
ramipril	-13.0698929026	11.1311487559	-7.48110733552	4.22858549685	-4.99998277931	-4.09907134666	9.26906154847	0.130211690389
k_cl_na_bicarb_na_cl_na_sulf_peg	11.158414859	-9.82943489724	7.58152540348	-14.6013359151	-5.46595509386	5.32065228443	-2.23349184929	1.83859728305
enalapril_maleate	-6.22693676077	-2.93675355531	-10.0653504487	-3.13260366781	-12.3485885772	1.30964683457	1.22353532703	-1.59594804837
digoxin	-0.650059888342	-1.32951827257	-4.17712675816	1.94850092959	-4.62111560991	-4.23629241006	0.48286528053	-0.845855625855
sulfacetamide_sodium_sulfur	6.32900799431	23.7489620071	2.92768834519	-2.80397216542	1.5477507395	1.41094242	-2.04089020748	-1.58811351296
glimepiride	-14.1549110039	-3.67604992044	-11.6554847455	-6.00002976833	2.31662135528	-6.95601564198	-9.30408863927	2.29062562298
valdecoxib	-1.91482841908	0.982182350194	-2.56779899166	4.88012470934	-2.21357975033	-1.92467419328	-1.30993346071	-5.53991849464
levalbuterol_hydrochloride	-10.7814009811	8.45667884088	-3.40492923379	10.7441727722	-12.0286741454	-0.723945313431	5.85682335876	5.26004678797
betamethasone_dipropionate__augmented	7.37745158187	12.7965896099	-9.26156783262	2.65334221415	-0.615416411774	2.6817226793	-1.99609301553	-3.0450574344
hydrocortisone_valerate	5.0350741413	16.5912302328	-12.7907440533	-1.45575407698	9.41872808053	1.76861433019	-1.46199447637	-3.40643134044
hydroxychloroquine_sulfate	6.92546543002	-0.0592572630033	-1.28151557954	2.14750378631	-1.22991545455	-4.88542510773	-1.57252601612	-0.266624712838
apap_dichloralphenazone_isometheptene_mucate	0.524527213333	-9.79724517956	8.24659074907	5.30818444992	0.347928261129	-7.71562021141	-11.3008809761	0.267714030609
hydromorphone_hydrochloride	17.7044395899	9.45886927436	5.9579249796	-5.75806259554	10.829162648	-8.95972445625	7.44230295119	-1.5288848175
hydrocortisone_acetate_pramoxine_hydrochlori	-15.7260108073	17.0738084057	2.595967991	2.6267988408	4.37157592543	-2.09127454596	-2.79581188016	-1.24030176003
azelaic_acid	14.6978452623	24.1646346812	2.36188343851	1.70121449369	1.05006111186	-0.0140062642074	-3.14292230439	-1.31264438394
pimecrolimus	10.1529542366	10.4418823098	-1.21276032793	5.11358160797	-4.41238059336	1.2998151469	-1.23833475514	-5.77783487232
mirtazapine	7.54565203315	-4.19284225765	-2.03516192428	3.09033324723	3.96153724028	-4.91468149464	-2.02346929759	-1.90815505967
levocetirizine_dihydrochloride	-23.0414675444	14.2498714628	-2.39691155252	5.70962092399	-3.31776406255	2.66995331382	9.50249265945	-2.81884975495
prednisolone	-6.72245563857	-7.8178912543	-3.94719530281	3.13163607213	-5.30078066603	0.516615800254	0.0633040590536	1.56951756883
desogestrel_ethinyl_estradiol;ethinyl_estrad	13.0258632778	5.67063199731	4.19954675932	-0.517974946521	3.95888644066	3.24473001022	-5.96707516256	2.2726015142
imiquimod	6.09573805358	15.8890188871	7.89925211267	5.07663918849	4.98086343364	-2.0993681192	-1.5795395564	1.16444741447
ibandronate_sodium	-13.0269649164	12.7765589257	-0.671128246649	11.7230069798	-2.77368687132	-0.422336106906	2.92897304699	-0.00559900666759
tetracycline_hydrochloride	7.97393675015	-6.90481070175	-1.01053810586	1.33073516318	-8.56162603668	2.19285295085	-1.09445953702	0.37280155428
rofecoxib	-1.97636491395	-3.17539750639	0.988820331434	0.636691218104	-2.37104909472	1.19415607721	1.28332017544	-0.269556618292
permethrin	-0.669179521542	-13.2065420801	-5.71472657833	5.38388766489	1.81720643304	-3.97317410795	6.31948506695	-1.52906121386
pioglitazone_hydrochloride	-4.74681135471	-4.74445577529	-10.244082403	-5.73276587159	-2.58275160397	-10.3876870364	-5.90812664278	4.03390682065
fluocinolone_acetonide	6.3635326547	18.4976893625	3.41924645326	-10.4842847143	1.04266585964	-6.72442198492	-2.62825045099	-3.73345145035
nortriptyline_hydrochloride	21.4919048824	-5.98438268178	5.63400084516	-6.47689595777	-3.16028478631	-5.03834740257	-1.76345156681	3.9086419353
dexamethasone_neomycin_sulfate_polymyxin_b_s	-7.47139681438	-5.87541106179	5.54877678393	-5.51929864709	-7.95984977371	4.36527332907	-0.176594133378	-2.19779147674
raloxifene_hydrochloride	-7.17226394131	7.49463791628	-4.56245458943	6.41605671926	-2.63700837545	-0.676037148806	1.85303882501	-2.91083634408
amlodipine_besylate_benazepril_hydrochloride	-22.8363318544	7.13175882512	-6.03982859319	-8.33567682787	-0.918738123972	-6.53316426372	-4.29397440391	-1.07153548528
doxycycline	6.12640582853	18.6709801476	2.58042474653	-0.4892853414	5.94798526911	-1.68513047763	0.706663539631	-0.0246805181222
enoxaparin_sodium	17.0360934036	-1.75774592944	-6.4072321461	5.39058256927	1.37896736226	-1.37292276792	-4.81160199685	-0.585178381413
desoximetasone	-3.23534928647	13.56158875	-13.5767726197	1.71344080611	8.40361411498	3.8802790618	-5.81379205853	-3.12205758671
ethinyl_estradiol_norethindrone_acetate	7.68745247706	15.2144805874	10.9007192296	-0.801853431733	12.9270029423	-5.99952862112	-6.12831288287	-0.481067479781
nifedipine	-1.62155409158	-0.53316537755	-1.10085415277	-9.71521982721	-6.98765708713	-2.53351258461	-9.24502626787	-3.07659750513
ethinyl_estradiol_norelgestromin	0.484418765658	-2.30334326529	1.48461971698	-4.32857886135	-2.23690528882	-6.95025561584	-1.38875604209	-2.95113315427
guaifenesin_hydrocodone_bitartrate	-10.0030297489	-6.44772349713	8.82717242824	4.45980268727	15.8580385824	-1.25763730411	-2.18595021979	0.937855549657
indomethacin	1.78781882599	-6.62010881734	-3.56835809482	-7.48826149478	-1.80948133968	0.147553129599	-3.97791693972	-0.119136624046
conjugated_estrogens_medroxyprogesterone_ace	-1.49823052612	-6.54642454716	3.24236192998	8.9550996925	-2.63977245088	-0.890053911422	-2.90576719667	-1.62095708875
carvedilol	-16.4599812315	-7.6568429215	-5.31574611451	-2.77558530633	-4.83810606774	-8.19286350133	-7.00890110113	-1.82664364503
fenofibrate	-8.44353815765	-6.42888772899	-8.42525215369	7.16264222035	0.722437409661	-5.13956855097	-1.39879873101	9.35997696616
quetiapine_fumarate	9.78575940891	1.49683260588	-0.666680167709	8.9827083626	4.17852554095	-9.95025585693	1.59647198533	-2.16004294333
verapamil_hydrochloride	2.82564245991	-1.30103618105	1.30962455471	-2.04797402161	1.96369856467	-4.03092864092	-6.69402025742	-0.821094565319
ipratropium_bromide	5.76085242507	3.60933952553	2.55509730668	2.19851622777	-1.33119325573	-6.86630242727	1.52184717542	-1.99371835906
ezetimibe_simvastatin	-12.8939797129	1.4350771239	-5.36762551834	2.95553396617	-6.11319699485	-3.11165996413	1.49724167685	6.69082859351
rizatriptan_benzoate	6.67656063507	-2.78513014285	7.28779598968	8.42229733272	0.443227020277	-4.70212336642	3.17501850895	0.00948917546535
glipizide	2.71412852125	-7.65429604661	-5.27801218979	-15.3008453121	-4.77481709517	-10.1648856667	-1.92291469411	2.46910849935
lamotrigine	17.8653186601	6.44744316551	3.30554404465	6.7661312788	4.83432105175	-10.2291797359	-1.17315079943	1.98134845412
ethinyl_estradiol_norgestrel	9.57253577946	-3.51045481967	0.244223983747	-3.14214207039	2.89984656166	5.5590814186	-1.14714629719	-0.167968857889
hydroxyzine_pamoate	-3.53490073025	-14.0197798433	3.87528956173	0.841031360708	5.25759221201	-1.58334715942	6.68248168011	-7.219763065
rabeprazole_sodium	-7.06254072341	12.9375905259	4.18698817202	-1.34809001923	-8.89802867453	-4.36736291061	-2.68270510524	13.7120627643
hydrochlorothiazide_losartan_potassium	-18.5148462237	2.60220050155	-4.59628496738	-9.83059074757	4.27452952755	-3.12566967677	-9.84012446992	-0.472076280174
varenicline	16.5766695973	-11.7898173239	-16.7551663457	15.4937982801	10.9135578009	-2.6249888019	1.03265735573	-4.37769447885
silver_sulfadiazine	-3.28419228143	1.17761053222	-8.97398628456	3.16079540955	-5.62490754742	2.67931840922	5.64554638282	1.94440397884
ciclopirox	3.09096918206	24.5998715513	-8.93344227461	-5.02617769907	-4.6072148735	1.14990823981	0.766521649618	-6.59048627413
insulin_glargine__recombinant	0.512037464588	-9.91541425644	-11.9350659508	-6.35509460331	-0.715510083883	-9.274202979	-8.44967855817	-0.100646277565
ezetimibe	-4.39741923734	0.852056838903	-15.094861869	7.69115954413	1.35711233594	-0.420649195034	-0.562288070426	3.93492096628
tolterodine_tartrate	4.09551035562	-6.16147764764	-6.8783439087	8.06172847185	0.336917942494	-1.91075464954	-2.34766057274	-8.35974457197
clonidine_hydrochloride	-16.056703909	-9.07378409716	0.863014548241	-7.95288974369	-2.41232367014	-12.1536208567	-3.28088079396	-5.69629523709
buspirone_hydrochloride	-4.70538324752	-12.8550094956	-3.30588455104	10.2864103201	9.08932792488	-6.20713545253	6.11060071628	-3.15518614843
cyclosporine	4.64192609014	11.4761113949	4.3491127056	9.38549333405	-0.7582320832	3.604961268	-0.189532396641	3.42651187462
influenza_virus_vaccine	-4.3107595214	1.21024629346	17.1687981616	4.72438949585	4.05822328241	-5.49635899045	17.74833773	-6.27442273067
eszopiclone	-7.33667555113	11.6798176612	11.7308732402	15.5446900744	-5.29485742053	-7.37238257957	-2.83680501235	-7.37704238916
cpm_hydrocod_bit_phenyleph_hcl	-24.4018483935	-8.92359134867	10.7164638992	-3.81332630294	-4.38261634831	5.90922281454	-5.5198769191	2.35441738122
desogestrel_ethinyl_estradiol	23.05590438	-2.48458438713	3.91660678147	0.0336021693489	-3.5736496437	5.01355687979	-7.76708044901	-0.106009799424
hydrocodone_bitartrate_ibuprofen	-19.0368042962	7.08366677087	-2.99411739543	4.58903888391	-11.4233277066	-0.714154834619	-6.33088576945	0.0874479867457
cefadroxil	-5.7324727625	9.84730482944	-10.0010320148	2.06033843986	-9.15445757122	13.887785762	-4.48093661384	-0.189279496246
methylphenidate_hydrochloride	13.6775684132	7.60036810695	5.73169043436	2.81099273876	10.0164167916	-5.01336609093	-16.1880213442	-4.49976741835
oxybutynin_chloride	11.9822047716	-16.4308939926	-5.00159946064	3.15578059894	2.25873411265	-0.944019186376	-5.23225388066	4.19634491101
sucralfate	-5.56345507671	-10.2558550504	-0.427944311481	7.96385783704	-0.652225657237	0.844175658911	2.48568028924	0.669560930286
terbinafine_hydrochloride	-6.38508510124	-2.00197730422	0.348569358665	2.7573578831	-12.5414578042	-0.254835904497	-11.3613459252	-1.60518605556
bpm_dm_hydrobrom_pse_hcl	-28.9173657076	1.88521832039	-1.65121282866	-4.91366244498	1.57275692408	-2.82550165324	7.17879888554	0.533244101047
loteprednol_etabonate	-0.0188994831143	19.5459602741	3.9689192464	5.88598836222	1.58147450209	5.19530766945	-3.66708396475	0.949112470966
famotidine	4.83116207675	-0.824169138942	-5.97197633405	-13.282600592	-7.1542786699	-4.42907719766	10.4388493908	-3.40962855687
folic_acid	6.00793808271	7.43548447001	-4.98770046058	-2.45526439391	-2.19064699924	-5.35938156877	8.0028351335	7.46232562747
cpm_dm_hydrobrom_phenyleph_hcl	-30.6671508199	-4.43377657094	-0.0974857608699	-7.79357164509	0.0389692236691	-0.581581678812	4.56757243612	-1.44371968939
hydrochlorothiazide_valsartan	-23.2510710472	9.4332913959	-5.44167128527	-10.0142334632	-3.47843008883	-4.34534022706	-1.66383098559	3.23190554793
scopolamine	3.25028626845	6.73304933462	16.2100506399	11.1297734389	-3.38039226601	-1.39686108157	-4.05705695799	0.456636643609
albuterol_sulfate_ipratropium_bromide	4.869575552	-12.0300694448	-6.99163543528	5.55570177605	-4.1034327751	-11.3431485154	5.21651024094	2.89790407609
guaifenesin_phenylephrine_hydrochloride	-29.3460684871	-2.29128725018	13.6443825223	2.97116827764	2.32110593482	1.48575432901	-3.2779301801	3.20901279982
desloratadine	-16.6156478518	13.8436315621	-12.5430663707	5.94744506065	-7.49474263751	3.49966255342	8.2078617045	-9.6586528836
sulfacetamide_sodium	22.410668643	-4.10603544968	-4.78344708449	2.9609580314	1.33552625778	-1.28980968789	0.968760240282	-5.57117475133
mupirocin_calcium	5.81049326199	14.3234452273	-9.52549481358	8.10955795545	-1.1199131085	-1.49844338236	2.27309794755	-0.325822725345
tizanidine_hydrochloride	-21.0343592133	-9.06208442831	6.11418579875	4.71031609353	4.74915589271	-6.77682139974	0.838384280466	-3.7323288772
sodium_fluoride	20.310432204	11.8155147417	-8.00055869	-0.13362292021	9.06244918397	0.618895904647	5.06922765728	-6.7072470167
pregabalin	-10.7082514486	-4.36238854942	-8.01902165526	15.4552554528	-3.77487872982	-8.40327916716	-0.150517052031	-8.39564750657
lovastatin	5.00816832939	-15.1654309216	1.63631378703	-6.4066703781	-6.83448703587	-5.44558891428	1.7415041289	-1.84330712185
temazepam	-7.23437784384	-3.47053951233	10.3294369631	4.57974073242	-10.4219916066	-16.1450784234	3.46432164037	-0.929008150211
prochlorperazine_maleate	27.0265203454	0.516971913568	-10.1830878043	0.538835987075	-8.83223240905	-0.68788430086	-2.86655393209	2.2731881932
adapalene	23.7058209337	15.9237395543	1.9561036913	-5.58561399859	2.1252873994	3.12991898318	-5.47866131111	-3.94368130818
hydrocortisone_acetate	1.08310629165	0.503502236662	5.00931846058	-6.79361117442	-4.55301293835	2.4322450315	1.02791299438	-0.037289664128
propranolol_hydrochloride	15.0885974875	-4.73064618861	4.5962680312	3.15621944911	-0.855850143403	-4.85727764237	-0.11610318014	-2.21583193063
valsartan	-12.1299340884	10.413114803	-7.73207423788	-4.40542419194	-4.99874340322	-5.67104923673	3.69777051358	9.65206998196
risedronate_sodium	-10.7674191426	14.4637597455	-3.92322164065	9.43357277236	-1.19371915629	-0.0598790461795	3.09126973005	2.45571678704
dm_hydrobrom_promethazine_hcl	-16.9879940748	-1.83413765071	-3.96217276086	-0.886159210647	-7.62537159339	1.23897528697	16.5602970892	2.50947883078
clopidogrel_hydrogen_sulfate	-6.10224912744	-7.99747972283	-14.6763739511	4.27474233137	-2.43462784686	-7.5967045211	-1.2408921476	-1.33735087443
glucose_meter_test_control_strips	-4.03129133483	-7.59016609992	0.460633930387	-14.3098512423	-1.38405970422	-1.16969145467	-0.797177872077	16.0571656899
diltiazem_hydrochloride	1.98711201096	-6.95394128807	-5.78793366179	-3.04303797758	-1.33454111522	-3.28569491532	-5.16923904712	-2.66543281906
nitroglycerin	-2.63845156746	-16.897557932	-7.37522552323	3.98320973439	-3.17318920776	-9.22636098841	5.53128458687	-1.12451907565
etodolac	-8.60777552659	1.04837491494	1.40594157261	0.945048733572	5.20220624257	-2.68797713481	-2.71972378207	4.924659293
atropine_sulfate_diphenoxylate_hydrochloride	-29.9634309983	-10.2828316613	7.94204316491	0.960037839538	-5.33787230202	-0.45460355316	4.74268364252	-3.56978564282
acetaminophen_tramadol_hydrochloride	-25.603381308	9.39851532787	-8.86075359022	-1.84939182633	-2.44300237869	-3.06731354461	-0.819541471137	1.67410866005
gatifloxacin	-1.32333795688	6.64303749381	5.3875643727	3.65958852592	1.71168585527	2.76165220046	-0.908092033069	4.48201612769
lidocaine	15.0434291919	11.4652614071	-3.17192728452	-0.556083809335	4.57794894314	-11.548439611	13.1631256555	0.273850701795
desonide	9.68568000595	17.2160143745	9.02995326799	-5.85906363637	-0.644375364943	-2.09767775256	-5.32022210533	-1.88588559418
ethinyl_estradiol_etonogestrel	16.1991794175	13.2823274302	4.94198598377	-0.921619727702	-0.818098836381	-5.55959503637	-2.63458553695	0.306624603007
spironolactone	4.72255088993	-2.32610896329	9.17980944018	7.69717785987	-3.24003330397	-2.12685793571	-8.29885964423	-0.240666647268
norethindrone	24.6719741814	7.61445818746	8.14667998533	-3.07139676479	1.67283461272	-0.388750519733	-6.06503786312	-0.994686345371
gentamicin_sulfate	9.68877331421	-9.47120491597	1.60129702421	-0.382710192953	-10.7958040615	8.64596218471	-3.67526774521	-0.451461735539
amphetamine_salt_combination	-3.19597852727	13.1296750645	11.1264060703	1.21283287499	10.7893657755	-3.52046144498	-15.3496491906	-7.60907322288
cefprozil	-12.6533520197	-3.33347468953	1.69033946753	0.316430736063	-1.87265709886	15.1534781938	-0.845227935643	1.14398019359
polymyxin_b_sulfate_trimethoprim_sulfate	22.865600529	-0.473881104792	3.81689384483	-7.78295523067	10.137540216	0.737419615521	-7.63282457889	0.333809834696
dexamethasone	-11.6641680884	-0.843573102892	8.8836400204	-0.959716417546	1.49970232867	6.82632446527	3.52313916954	-5.50337399847
lidocaine_hydrochloride	3.1980999231	6.04150274583	7.76156473954	-2.50194975322	7.93491620675	-6.67191932132	2.83947093827	3.70507526992
insulin_syringe_needle	1.70361150979	-1.80983323437	-10.7402611709	-1.84922297569	-0.228664714613	-11.2393936214	-1.12237235147	0.96396670644
tobramycin	12.6947946542	6.76250016678	-6.50765890162	7.79425583353	-9.55840803467	8.09326873507	-9.98719715215	-0.564451461328
progesterone	6.94525403109	10.2988402602	21.7574444981	10.6455600351	-5.73158463573	-3.53382307276	-0.0117709512572	-1.57272422566
epinephrine	17.8300220012	8.27174948193	5.84437909565	1.37743591632	5.57230465716	-2.63227354156	6.48707919865	-4.94927283219
nabumetone	5.89489898269	-0.872167633242	-5.79211732727	-0.200661570944	1.72652984054	4.50656913909	-2.79627997894	7.3528317111
ciprofloxacin_hydrochloride_dexamethasone	-7.01786845934	16.3021135263	-14.827507523	11.3414113782	0.978211848796	2.72928565351	0.115470975209	3.68420022694
antipyrine_benzocaine	-11.9540108111	-14.9511255686	13.6524309811	0.806852709176	-4.4661371051	0.0261666188844	5.47235625632	1.13757558188
prednisolone_sodium_phosphate	-15.7779921617	4.78994366974	-7.11004691537	7.09893247488	9.16011630342	0.833481227951	-2.98492482128	4.53376603876
hyoscyamine_sulfate	-17.7768215782	-0.0570919206519	8.49141624654	3.92753929808	5.34370772041	0.037023525717	-6.69293834889	-1.95921570546
ethinyl_estradiol_norethindrone	12.702467904	-5.78463572611	1.75147266139	-4.91868359093	2.038174223	0.887299410617	-4.50756648087	1.5056345805
prednisolone_acetate	9.00020563453	-3.79511147496	5.23721296809	0.771984684406	-3.61055862679	5.46584439355	-5.07391844779	1.09143954773
losartan_potassium	4.60799669243	-2.50855643808	-2.39271982294	-7.81025523385	0.824914279025	-9.49053190775	-2.22648588833	2.24339072577
carisoprodol	-11.8808344324	0.898163154209	13.7915805613	-0.674765650653	-18.2764229324	-14.5997810192	4.79665972171	3.27991094356
oxycodone_hydrochloride	29.9403441306	-0.710581949256	5.66265192041	-6.06778067285	11.9111660325	-6.45308583246	0.974013581378	-4.49310012796
influenza_virus_vaccine__subvirion_	0.693175516743	-0.0402779066776	9.54120696516	1.1508881611	13.5676248527	-0.479991088475	19.9746853757	-6.30741587918
methocarbamol	-12.9722181787	-5.99079249667	13.7241741373	-4.56239756039	-1.87927250806	-8.9084469093	12.0907819022	-6.15919748708
ketorolac_tromethamine	-12.8293740187	-6.05768809015	4.58302471072	-3.15723252671	-5.6770532761	9.7674525729	-5.48877927912	-7.94592236769
ofloxacin	14.5713613568	3.59572936914	-3.18090170366	-3.84319869342	2.69290288588	4.30627899229	1.89511225309	-0.529247559486
benzoyl_peroxide_clindamycin_phosphate	10.8439105131	26.1569618095	1.42038609094	0.595451566206	-2.77666540284	1.56342228231	-1.5315603603	-0.322516234884
warfarin_sodium	20.467580941	-6.74861593043	-8.00305742731	2.75980993228	1.77505760527	3.38450088682	-7.65329024548	-0.0640311062791
polyethylene_glycol_3350	0.0990252427354	-2.95278625538	-12.4120366121	0.489580258013	14.0190150755	2.47810161662	-1.58866012819	-10.3373416791
acetaminophen_butalbital_caffeine	-24.9621093123	2.10048291241	0.592125649417	-5.40832685203	0.478852615058	-8.26559360208	5.03877395473	-2.89004985777
dicyclomine_hydrochloride	-10.5838863828	-6.8005336736	-9.98064169178	11.2489351962	3.41868630579	-4.57746176907	-0.229723633543	3.46590218389
fexofenadine_hcl_pse_hcl	-22.8813862696	0.598102368256	-7.29605458471	5.88205139154	-7.13868223673	9.94399403705	-0.437757677848	-8.00629540776
naproxen_sodium	-22.267617083	6.16860350241	-6.28003112642	-4.19888268582	2.41825921151	2.3518281801	-4.61120894397	-8.67046657479
topiramate	-2.60410419106	-6.69128856082	-3.54163147805	9.8607685751	5.71120275575	-13.7252450348	0.728305522217	3.73004584869
azelastine_hydrochloride	-4.97050264001	17.9068601234	3.79856224817	3.93840627125	-0.134319410947	-3.67978265281	9.95276625198	7.96738413949
k_cl_na_bicarb_na_cl_polyethylene_glycol_335	4.75528300999	4.55095061056	5.95313354919	-7.8167547413	0.725837390971	-2.42835780424	-4.35554865608	-2.15630282338
rosuvastatin_calcium	-21.1805936355	8.80011000391	-10.3641651906	3.22534314361	3.32111934156	-2.09241998677	2.89868051325	6.47969211468
budesonide	15.8141096732	12.7340477874	-4.42475170637	4.49645150463	-3.03306872766	-0.0375069142998	3.9273304266	-2.03480815872
homatropine_methylbromide_hydrocodone_bitart	-18.510535487	7.33481943453	12.7423259318	-9.48152187609	15.0550639039	-1.58105257224	-0.192610100352	-4.02260874681
fluocinonide	14.018266528	16.2643697957	4.53795678824	-5.06414724701	0.311895772551	-2.9720616974	2.95334197402	1.36214860917
tretinoin	25.6326692532	17.7385603657	10.4809351383	-1.86625012252	1.25230850992	-0.148048470139	-4.11331368824	-5.50472615783
lancet	4.85822431571	-4.28670967196	0.443133444806	-18.8355527058	4.6069468982	-2.84702339212	3.06272453109	21.7929931718
terconazole	-13.2397564812	21.2534948156	-10.0262532214	-14.5990097137	-0.751249005555	-3.72833374245	2.65757001005	-0.275037247709
nystatin_triamcinolone_acetonide	-9.18942905402	15.6148465782	-6.53080705452	-11.7435544483	0.586589025324	0.949576313507	0.332149738845	5.68586213756
metaxalone	-11.3892356838	14.664834576	-9.2316449605	12.4572567506	9.1756055072	-3.22041805588	-2.13690064456	1.60361817053
hydrochlorothiazide_lisinopril	-21.21820665	-12.0399148401	-1.13883858956	-13.7247145047	1.16123992334	-5.34347869437	-14.2704799305	-0.791629170362
minocycline_hydrochloride	12.6289158184	4.72334172061	8.87538389102	9.10884560827	-8.4335377597	8.39830598575	-9.90605648258	-0.135738739815
guaifenesin_pseudoephedrine_hydrochloride	-7.05692123817	-0.795653800558	-5.9754582316	2.20797091486	10.1046431304	4.81405617399	-8.3522831818	0.809335306069
meclizine_hydrochloride	-6.84223210474	2.68571469477	-19.4707155806	3.01344994551	13.6943238902	3.76559934552	9.50935873834	-17.1519460424
sumatriptan_succinate	25.2279625857	-8.29054879565	4.94460197793	-0.0633162738305	4.36260745356	-3.37612686514	-4.27723485173	-0.312702044424
metoclopramide_hydrochloride	3.0041186942	-7.59602755931	2.20367390639	0.447214685727	-6.45215409493	-1.62906081683	-1.60933387793	3.07892234929
duloxetine_hydrochloride	-3.31323127933	-6.47087357386	-2.58816995283	23.240632958	8.35486132371	-7.51002190984	1.70199823478	-0.782429368536
pravastatin_sodium	-20.1069820371	-10.954539351	-9.32150738887	-0.596306594429	10.3681021672	-5.15725304758	-6.6016404354	-1.50761305509
paroxetine_hydrochloride	2.87970802229	-16.0550780664	-7.74775253158	3.25152872964	-2.64151998326	-3.57124318305	2.65634402395	-1.03508175926
ketoconazole	7.73041479556	14.9166394643	-1.2729704225	-16.9165856349	5.27107497218	-3.33448055825	-2.69298048539	-2.56905573838
metoprolol_tartrate	-2.18790550796	-14.5972833052	-16.3225835517	-3.46034894379	-0.332603554175	-6.0709616409	-0.461788860619	2.98930749687
amitriptyline_hydrochloride	9.9395602065	-19.05722044	0.564438119279	2.45504325741	4.19477080149	-5.16474473638	-4.29091019743	-0.944090400833
hydrocortisone	18.7094054775	9.52228985319	-7.44829610809	-8.67611852577	-2.01583057317	4.81572246419	-0.662313836357	-5.57797833284
dexamethasone_tobramycin	-2.19571845643	13.7551899018	-4.34350976114	0.838708419113	-6.60138155389	13.8976959605	-1.75862582847	-1.92856686306
glucose__blood_test	-0.962839883993	-4.41399928813	3.70696235384	-17.700301732	8.40171421264	-5.26525989649	1.49217459257	20.3960825267
medroxyprogesterone_acetate	-3.27610293363	-5.26414402408	-5.3774308429	-9.22379362229	3.80765680322	0.770868687884	-2.12146444936	3.12789369353
olopatadine_hydrochloride	6.83924964669	17.6878376399	-1.21092512353	7.19564092071	-14.6458515352	4.14674629283	0.96460503566	-0.14227470623
hc_neomycin_sulf_polymyxin_b_sulf	7.45342914805	-13.1006150549	-3.09850208884	-5.31112695068	-3.93725948302	0.597109022328	3.19830888093	0.320490723338
alendronate_sodium	11.3707831249	-0.053462543881	-5.26211286225	8.97960002887	-0.186515270864	0.85468333036	-0.542467540669	3.78698643555
celecoxib	-14.1240960238	5.84066355205	-2.15541811885	16.7992914725	-9.0256917896	-0.813533782409	-5.17258147162	-6.01861545844
lansoprazole	-4.88553044749	0.951226982007	-11.6674496645	5.71010209099	5.35051367977	3.76464522073	5.35998970858	-1.35217805653
betamethasone_dipropionate_clotrimazole	-9.98481527643	11.7733890871	-18.3759402435	-7.52770706184	-2.18463477354	3.52540619269	2.81812286727	-5.76205139531
hydrochlorothiazide_triamterene	-13.4037316989	-4.95612927728	2.20435019506	-4.81264456148	-4.43767838339	-1.63349162918	-9.07606332279	-6.89971804756
ranitidine_hydrochloride	0.77308674461	-15.3987953001	-6.64797975173	-15.8496985627	9.83512155068	-2.39156430607	6.52453385379	-2.40945338652
erythromycin	23.850351833	3.58192215286	-2.94819402267	-8.82137508227	3.79131267834	-4.52421972881	11.6048853488	-0.228118103241
trazodone_hydrochloride	20.575411216	-10.2208795169	13.775347127	2.2646253219	7.68250408655	-8.66356692034	-3.77507352332	-3.61566554428
hydroxyzine_hydrochloride	-14.2205767165	-8.14811020227	-0.392522797926	-7.38765457655	2.11460641081	-9.93250166249	4.88224048938	-2.72381736681
chlorhexidine_gluconate	19.0121640936	10.4892901024	-5.38946383477	-2.15244437664	-3.01622201901	2.00904709726	-1.22209278483	-2.74571415637
venlafaxine_hydrochloride	15.4237819132	-14.3968897673	-0.563280513367	8.79610648528	8.26638211604	0.127130671921	-4.67140738093	1.49055665876
clonazepam	-2.51925460873	3.86961272286	8.3907679453	3.83777314036	11.7145729817	-6.56972704033	-0.632919880231	-2.08774794437
atenolol	9.46393543501	-10.3704560051	-5.88702998318	-9.27460937217	-4.56149849509	-3.78551471554	0.249614991031	-3.67283022112
cetirizine_hydrochloride	-19.0900263663	0.242454395276	-4.80102398903	-1.27765643097	1.93536445709	0.628103841319	1.59283782594	-17.4428792913
ondansetron_hydrochloride	1.87218939016	-3.79120293536	12.7939084241	3.07771262648	9.45139297693	-0.571812193924	-1.71654161316	6.24657121117
clobetasol_propionate	16.7233645739	19.4451528317	3.79260755366	-3.46572287744	3.16809268897	2.3831571705	-1.88005213338	-0.44810088381
ethinyl_estradiol_levonorgestrel	28.6694305602	-3.76436105278	7.32268297909	-4.98797967576	1.83024836521	1.3363658081	-0.316102586831	-3.30754341059
chlorpheniramine_polistirex_hydrocodone_poli	-20.1802539643	5.70184628812	5.633732075	8.3145499213	8.85431634287	-7.86727559103	-1.39427830646	1.08573871394
peg_electrolyte_lavage_solution	4.08893837533	10.3195478811	8.18673639139	-3.81952511269	-5.51317320439	2.20737406679	3.42181199161	2.67447859679
ondansetron	3.89580994925	1.94598824341	18.8767195858	6.70835830336	-3.01772210141	-4.72839027651	-7.21764591828	5.13421288804
ethinyl_estradiol_norethindrone_ace;ferrous_	-4.27705392175	28.3971107772	0.83778629432	-5.77521848113	7.75675862733	-5.22937356001	-0.749963489104	4.31872558136
cefuroxime_axetil	-5.59952551461	2.02975700318	0.106084542805	1.54865991498	7.32733919505	17.3916144722	-1.51178662632	10.0249514725
metoprolol_succinate	0.032567060843	-1.39830001961	-14.7222249241	2.49300383511	-3.13676172675	-3.26560947182	-3.08693265338	4.75526675682
fluticasone_propionate_salmeterol_xinafoate	24.5703661638	10.3538110549	-4.84151834527	2.12433883442	-7.20550490246	-4.57243097947	3.93814902879	2.93585539269
clindamycin_phosphate	19.1341351818	18.5748543378	4.45832938596	-9.41166269015	-9.65377357101	-0.24705787073	-3.23897190702	-3.84815148485
acyclovir	7.370852441	-16.5102380786	13.7214767025	8.70835763878	-13.2552250931	-4.45779304014	7.51846266764	-6.40271144344
pantoprazole_sodium	-8.15745943341	0.99617726207	-1.49789381725	1.866703354	-2.17350458784	2.21749884529	8.20571070192	11.0431264058
nitrofurantoin__macrocrystals	2.30862267275	-0.835430855298	12.0571366834	11.2896730492	-12.2625612135	-1.22909802987	-6.77025450447	1.12980342903
drospirenone_ethinyl_estradiol	11.7496278451	10.748968919	8.29385615135	8.29149150267	3.28458723141	-2.42197580809	1.34082731736	2.53572034497
prenatal_vitamins	-7.49015486414	10.4481813234	-16.5116142769	-6.55244164203	-6.62719543392	2.14910957986	0.16375165836	-6.464731343
nystatin	8.04612165978	-7.24038965767	-8.06140253644	0.764538844355	19.0051370175	-2.43419867132	5.50453080183	-7.89921376648
diclofenac_sodium	-4.82258614023	3.88308451675	2.68176078376	-8.5457491565	19.9151094064	-4.16159873583	-0.518239418142	10.3184705089
ergocalciferol	2.03830094099	15.2706951736	3.27173686359	-11.9538569093	14.1667773283	-5.59368063702	8.16694138631	9.1992250971
mupirocin	-11.7580832464	8.42801601332	11.2911071396	-2.63878603275	-7.59021498983	4.99177404782	4.48368602312	-6.59808863879
furosemide	-15.8478899143	-16.6380341521	-13.122107011	-6.71457023658	0.255642138157	-1.75632315994	-1.76507956772	-0.151802226349
conjugated_estrogens	3.61693668633	-16.2598744898	4.23214900684	8.15743158055	-8.45449928351	1.1487709225	0.0342923575405	-3.97889683384
esomeprazole_magnesium	-16.5644904574	4.81229753204	-12.1429441185	14.5703552692	0.757525848255	-8.10298848401	8.39764447568	-0.0573560142013
gabapentin	3.85232673642	-21.1888660476	-1.76466051129	-1.07919861797	4.38794099793	-11.2167793089	1.05252804478	-0.731555485068
codeine_phosphate_promethazine_hydrochloride	12.1371439019	-8.29172139117	-1.49958349307	8.16965179361	-19.7889875484	2.16491522339	3.51178459027	1.12947125745
amlodipine_besylate	-12.25416444	-0.754257857117	-9.51112927782	-21.4990764512	-3.92522116832	-9.96884038601	-8.4386483433	-1.55443563865
potassium_chloride	-16.0641515827	-18.1736843097	-5.18545945801	-12.0595601958	-2.63353591649	-5.75664882485	-4.44411321997	-1.6179926895
oseltamivir_phosphate	-32.3977344683	-3.25236286743	14.4214890286	3.89140464217	-1.10970950724	11.3626982192	1.6907589058	0.291102531193
fluoxetine_hydrochloride	19.3756364361	-14.825621782	5.49152903025	6.5300695017	5.73480900171	-3.56202440404	-4.787974743	0.566968434997
albuterol	31.3021386407	-4.5376961427	-4.20852398802	-0.394550381691	0.404774754135	-2.92456556967	4.52529031925	2.41614161642
citalopram_hydrobromide	11.9614453871	-25.7539725766	1.67414940066	8.74665175049	9.75430169808	-0.383915565505	-4.6549179997	-2.230774106
diazepam	20.5080012364	8.29318903938	12.8018722788	3.78726749132	3.66459151136	-12.9368591961	-2.02819522669	-8.16876638826
fexofenadine_hydrochloride	-20.1681418967	-0.388267609271	0.993093394813	-4.91434091637	-2.48688310497	8.03278691592	8.2803335497	-3.10782617255
phenazopyridine_hydrochloride	-6.441980919	-13.2151845281	5.45779831281	4.86921924508	3.13615927723	-2.47793066149	11.4438660459	-5.92225086781
valacyclovir_hydrochloride	11.3834546229	23.5662593035	9.08913345154	5.46380062056	3.20580782138	4.35227413475	-6.3487869518	-0.205912461545
bupropion_hydrochloride	17.7706478455	-6.49414986825	8.43741596502	11.2015699859	13.6929337849	-5.9193009078	-7.95321140227	-1.51553310095
metformin_hydrochloride	-11.2175799673	-12.8608437303	-8.46902487269	-5.61258301221	-1.87922683349	-7.32256168972	-6.93447493915	1.16498714035
montelukast_sodium	-9.63092262987	6.81847969369	-5.12538353727	10.6221276562	-5.64119953972	-1.72733995126	9.5036238705	5.38841977858
escitalopram_oxalate	-8.25936258165	6.63898884126	1.04586835492	19.0613485924	5.75908797313	2.34852537142	-4.4725175644	1.78051279089
clarithromycin	-11.4332695052	5.32480298666	-6.4161830834	7.48586190964	3.80121729134	5.73665792991	2.39696908275	10.4425921283
lorazepam	26.0497958536	-2.07948087576	1.77921561982	-4.44193067474	5.6470690523	-2.70091343428	4.56259496977	0.113430595346
meloxicam	-33.1309669258	-5.6081039365	1.79639485441	5.78017909828	2.56354454936	3.96141069874	-6.07779240351	-0.889180392249
nitrofurantoin_monohydrate_nitrofurantoin__m	0.731031931404	4.74395252877	3.04641849074	-6.46869442798	4.58931835353	-3.20876188509	8.3760982341	6.45590763548
atorvastatin_calcium	-0.298309327269	5.77444435757	-13.2370117091	-2.94766956138	4.81371556882	-5.79314837963	-4.05369302309	6.08974758847
estradiol	3.19983709419	2.99139532447	29.6013318058	9.31217169784	-5.82769266244	-7.10373104175	1.99992434212	-5.08234923938
codeine_phosphate_guaifenesin	17.4067084606	-7.90416193811	6.84539737441	-3.95245813172	-8.92512888923	2.70076969515	-5.93313161177	2.23563437822
sertraline_hydrochloride	18.2024591764	-8.54181082129	-2.90797066131	7.30959443699	13.1955137557	-1.42877744277	-6.08563258594	1.44640272577
moxifloxacin_hydrochloride	-3.42975502885	21.0341818772	-12.6309023611	13.8809734605	2.61937007591	0.240950951329	5.48014454043	4.70616415373
hydrochlorothiazide	-6.49381707375	-10.93723112	-4.01982181532	-21.0439511443	-0.257564180638	-6.5551607271	-1.51651351704	-0.548560763627
penicillin_v_potassium	20.8791766472	-6.54685457542	-7.52595145865	-8.88248244634	-1.50312388137	-1.71482774807	0.975234264347	-5.31681596996
simvastatin	15.7682010491	-11.8383499623	-8.79357975162	-5.07756939959	-2.39041563399	3.71235650015	-9.8115222024	4.75492255211
clindamycin_hydrochloride	4.0019931716	-3.65718553793	-4.38927181203	1.73912532755	-14.7359103991	2.5613110244	-3.9575029845	-4.51191919606
lisinopril	4.31782939247	-24.035089547	-6.38342833943	-2.88942759718	0.409401460176	-8.52490283292	-2.71309397351	3.8230731873
benzonatate	-15.5213911235	-1.37983422919	2.00409735707	6.68572411652	15.1535815934	-3.26200252867	-5.43140687687	8.26786775466
ethinyl_estradiol_norgestimate	11.0958843998	-13.0687564894	-9.74944776564	4.06602697155	3.48397042522	6.98151834805	-5.7485683564	0.225674177014
mometasone_furoate	-6.78334461965	27.0351501543	-10.1224138437	2.29045085309	-4.07807183702	3.7722579037	9.60962782176	7.643116764
zolpidem_tartrate	11.5810559267	8.29119713293	24.1876942786	5.89409379428	-4.81696396438	-10.1859939634	-4.14247479707	-4.32306111756
omeprazole	16.614234549	-18.4062918296	-8.99630954886	-6.91424511839	1.01920421311	6.23229843673	4.44938556006	-7.81064235223
acetaminophen_propoxyphene_napsylate	-20.8503775095	-11.462752056	-8.56640422259	7.25920231557	-9.55431342088	-1.43711426764	-17.1124409972	-4.47317947493
tramadol_hydrochloride	-15.5381025792	-20.9713789673	-7.74941453571	4.9493763571	-0.737957758927	-8.77800505945	-15.4812742703	1.00892845163
cefdinir	-24.7895986645	0.727767676147	-0.914133773239	16.8214869184	9.38536629896	8.11943777975	2.29761981512	6.53644278796
naproxen	-1.49784805246	0.432735631069	-22.7583823413	-11.270623636	2.34938331114	-2.80027613915	-0.754782898203	5.8414468613
acetaminophen_codeine_phosphate	23.1254468195	0.688041563271	-23.1834358647	-6.68946503737	-16.5957867547	3.66149331249	-5.87690022003	-3.92081397557
triamcinolone_acetonide	26.9952652936	-8.29224381042	12.3854221661	-5.24188310415	-4.74193052005	1.77619430253	-4.8636374213	2.39606270175
alprazolam	2.01315396318	10.6509179921	-6.32962662069	11.7582996494	-8.01711762987	-5.8119959577	-1.16754674501	-2.75483292155
promethazine_hydrochloride	-32.3786514538	-12.9637178709	17.6939758958	4.1088037226	9.33932950465	-8.77012532103	6.637524338	-3.30704854925
doxycycline_hyclate	0.920077690718	-6.64073382856	2.92358986868	-3.28388660724	7.23934032597	6.3279875368	-2.20499532341	-2.52545479511
levofloxacin	-18.416317564	5.60834437418	-6.63417803884	13.2603243437	-4.82102247979	6.29339034569	-0.469989629185	15.1110473839
cyclobenzaprine_hydrochloride	4.93545298263	-13.6012387671	-0.0884857375101	-3.93118681615	4.26532866878	-8.65343391353	-12.8469927764	-0.0314042473403
metronidazole	-0.0448462265642	3.02733644768	-1.75804443692	-20.156151817	-5.78039974537	-11.0456219978	-8.6422718356	-3.88994111919
levothyroxine_sodium	10.7466948256	-3.84538747942	5.85242662208	19.7325667527	-6.47368362139	-3.04238031029	4.55104987512	3.6382814202
acetaminophen_oxycodone_hydrochloride	9.72829175535	6.09852455653	2.63779694929	-10.2419327239	23.6291245705	-2.42842524406	8.0124502561	2.68902725865
methylprednisolone	-24.6779325867	-0.706258634242	-7.14028154618	15.0822979824	-3.25002498925	8.10081106131	-2.13711382095	2.61104178507
fluconazole	-11.1825427388	-5.39040417897	0.712744768644	-9.39426478903	10.5921274936	-3.33245290419	-0.854338510732	-8.22703371728
albuterol_sulfate	38.5329452689	-2.99065477565	-5.54692019746	3.88279578645	-1.21876677432	-6.30645983625	2.66380806167	2.73982142679
fluticasone_propionate	15.9827391905	4.65547502073	11.8860279566	-11.3171230448	5.12984809436	2.18912136366	-2.45152205673	1.53301602069
prednisone	5.01255715183	-11.4825416783	-10.8201932089	7.68045649917	21.2579129041	5.03793045188	-10.0107859664	6.32465708947
sulfamethoxazole_trimethoprim	-7.61841184421	-28.361306625	-1.37051259983	2.12276514355	-10.2300319347	1.24481626186	-3.46197024073	-4.79190889471
ibuprofen	9.99713917276	4.04441668098	-12.8700606281	-14.544106299	-6.08311557325	-12.9970083454	9.88289050227	-6.27456840224
cephalexin	13.6947396602	-25.2208414597	-0.932916763459	8.18688988572	-4.46852995142	7.08065268754	-0.41919896126	-0.0526541661212
ciprofloxacin_hydrochloride	-1.99468358062	-4.83722180704	-1.43281233116	-2.20318720716	-6.51628214465	4.8220843217	9.97491178934	4.29611533886
amoxicillin_clavulanate_potassium	2.22611378664	5.38626818161	-5.21905804912	7.94795186726	3.82674158485	8.85749231464	7.66268801726	18.1532728952
acetaminophen_hydrocodone_bitartrate	-0.321291111123	-25.1592334034	16.8106399617	10.3644172326	-7.91087681799	-8.74030501362	-12.709282402	-3.54449531034
amoxicillin	11.2397520293	-12.4265223047	-9.82820724467	2.77019587485	-0.182059533374	11.4867035693	-3.50357755182	8.84732331948
azithromycin	-2.71061183035	-5.274223768	-7.88633987645	14.1023066413	-5.28024162812	15.1756970115	4.96718851064	5.9988340278
